"iso","umd_tree_cover_loss__year","umd_tree_cover_loss__ha","gfw_gross_emissions_co2e_all_gases__Mg"
"AFG",2001,88.0927124724282,22268.905380591823
"AGO",2001,101220.62152449824,36876624.21745112
"AIA",2001,3.878460708097651,626.7003350259662
"ALA",2001,396.93482567170076,75897.87350601748
"ALB",2001,3729.021031483719,1333222.676367988
"AND",2001,1.654212947716936,593.7030611499795
"ARG",2001,147805.950355637,31607823.40318388
"ARM",2001,131.8406122644954,39565.19913911073
"ATG",2001,24.074189438288734,6749.782437318849
"AUS",2001,218816.30207113773,32424288.617012594
"AUT",2001,6926.269007849323,2785494.7574820607
"AZE",2001,553.2993561210784,153323.7067899948
"BDI",2001,1417.2469570863382,476065.517951444
"BEL",2001,971.4881952763182,420925.7126785065
"BEN",2001,3749.3311051827836,1104927.968007905
"BES",2001,3.031857252893001,246.51329886644095
"BFA",2001,59.47710511237851,14104.999102727808
"BGD",2001,4586.997202714805,2332145.6345766853
"BGR",2001,8202.319111660234,2319643.1627303674
"BHS",2001,432.99941970355695,80406.3514861001
"BIH",2001,1496.107104548275,614342.3628375317
"BLR",2001,18358.964278886408,5020576.055285501
"BLZ",2001,8211.629492547678,3485685.453237166
"BMU",2001,0.19581979363933033,64.06545187886792
"BOL",2001,140321.2605309791,62226665.08353759
"BRA",2001,2746361.5567061175,1177964710.5619283
"BRB",2001,12.367461564155155,3457.8520843978886
"BRN",2001,1244.4538228679598,831201.9304824646
"BTN",2001,297.65963149428165,172240.0737476841
"BWA",2001,130.98388147716673,21149.783942013582
"CAF",2001,31282.436853072544,14086047.308327824
"CAN",2001,1358154.7994920977,256771843.6922166
"CHE",2001,1165.213247326304,557687.64318042
"CHL",2001,72711.30280696688,20878578.496681716
"CHN",2001,230289.1152788025,88004209.53186883
"CIV",2001,122711.45023838048,45844556.75482096
"CMR",2001,39203.71718120766,19586487.564651474
"COD",2001,455516.7389704588,249893443.7938462
"COG",2001,27030.696217873665,13929408.93783673
"COL",2001,230054.8356723769,112036204.73295945
"COM",2001,36.973693208113474,17548.63372048625
"CPV",2001,7.13645079432583,0.0
"CRI",2001,15461.879449467167,6911089.055393905
"CUB",2001,18942.90877802758,5201655.647982035
"CUW",2001,0.9027885255115696,161.23979777171598
"CYM",2001,20.681612199946237,3919.0300957050667
"CYP",2001,78.62890207431755,18347.566417893246
"CZE",2001,3460.1425855060693,1311734.8365473372
"DEU",2001,15286.380567887272,6105155.373413356
"DMA",2001,22.792755510800127,12916.54605384767
"DNK",2001,4329.2958531879685,1041158.4965467941
"DOM",2001,11246.81006554481,4101166.9108347096
"DZA",2001,3468.760252170322,869336.7557522542
"ECU",2001,45002.46870978963,24640083.5235528
"EGY",2001,147.7649426811371,28995.456535351303
"ERI",2001,2.529524332602501,975.2448386883834
"ESP",2001,32811.05351921236,9925381.889612552
"EST",2001,16872.43450528028,3703047.1352753597
"ETH",2001,11947.247243561262,5104492.616531737
"FIN",2001,151003.26050003825,27741267.122726496
"FJI",2001,1097.7640543965958,571609.9961846658
"FRA",2001,34420.96339434098,12741582.790888753
"GAB",2001,15082.63772959314,8578859.032548172
"GBR",2001,23244.127250640322,7561956.509117698
"GEO",2001,666.5563666120051,245258.4257974264
"GGY",2001,0.9576780356466469,249.65148920573145
"GHA",2001,43644.05617299004,16586709.223342072
"GIB",2001,0.18728563696830533,41.34495780878648
"GIN",2001,18571.52585588266,6477901.188778521
"GLP",2001,320.7023855663232,115244.39759424905
"GMB",2001,3.297421863044837,690.3373855057415
"GNB",2001,2362.153028344956,733456.2864161631
"GNQ",2001,3585.419101424056,2181744.0536105777
"GRC",2001,12616.82202214095,3176232.244042824
"GRD",2001,32.81085886820271,18217.298024868815
"GTM",2001,53310.17515247025,21223630.418711778
"GUF",2001,3033.287748554058,2260496.4446791722
"GUY",2001,10039.867706898678,6249182.865281687
"HKG",2001,7.981291213915407,3318.767158942745
"HND",2001,42380.174456743924,17513097.704013884
"HRV",2001,3378.4896036338837,1176255.026415904
"HTI",2001,2469.0482983445627,830884.543427014
"HUN",2001,7522.059331818265,2539773.82270794
"IDN",2001,744087.98910985,459279420.8392247
"IMN",2001,15.975437616743118,4487.320094806903
"IND",2001,62361.17449538431,30907246.394519985
"IRL",2001,9559.474140866354,3747097.571292302
"IRN",2001,332.4837053737922,76816.11879030576
"IRQ",2001,16.026636417037196,4078.121178573348
"ISR",2001,145.96523805451173,30333.324077769917
"ITA",2001,9871.496931661854,2541811.612557243
"JAM",2001,1246.2415233271213,592687.288061894
"JEY",2001,3.6963388705227933,1427.0006032398612
"JOR",2001,0.5220280310915502,102.01851413106192
"JPN",2001,23977.461618862322,8908914.251111526
"KAZ",2001,4534.702741324709,1116952.887970651
"KEN",2001,19027.21104888757,8858715.404231088
"KGZ",2001,589.2263559968981,150002.7784417725
"KHM",2001,28491.443870947376,14150705.512135193
"KNA",2001,45.60965867600312,17756.770448736628
"KOR",2001,5503.445334868555,1380503.0520541526
"LAO",2001,36474.6507504627,19083003.740932688
"LBN",2001,299.40426759816205,70211.00141991138
"LBR",2001,29185.670180330686,12746498.710299157
"LBY",2001,17.15270151699892,3224.9368392213114
"LCA",2001,31.080463208523632,14973.291784697312
"LIE",2001,3.4239432119278015,1650.5118089084979
"LKA",2001,3759.510363382602,1409450.279061201
"LSO",2001,1.1400521308137561,323.10813276290395
"LTU",2001,7961.687395217165,2101634.2794480883
"LUX",2001,68.6096919671928,31155.101698266004
"LVA",2001,24907.621124473095,6233494.04332398
"MAC",2001,1.4280703393362622,0.0
"MAF",2001,2.1236559847047407,670.7450873282432
"MAR",2001,1868.288605884477,476487.65088552097
"MDA",2001,146.68806072638031,34554.60739588418
"MDG",2001,86956.83269885095,41335858.26347736
"MDV",2001,4.743487262381189,360.51233479551405
"MEX",2001,158302.98849058987,49256828.758429766
"MKD",2001,2059.8641431301367,634930.6434763735
"MLI",2001,347.8706881063303,112495.08435874965
"MLT",2001,1.2519125375846887,291.1405073370028
"MMR",2001,44804.23912730605,22851402.21452623
"MNE",2001,858.4920805239994,347581.8569197224
"MNG",2001,21056.722644031615,4681635.985193386
"MOZ",2001,60936.64967623529,19684321.862543155
"MRT",2001,31.838435367579606,7422.133728744426
"MSR",2001,7.078555305502111,2918.115562258861
"MTQ",2001,192.96524826154288,90580.8749818095
"MUS",2001,156.581383524905,80936.92733253555
"MWI",2001,2488.2807704503525,889303.0235883121
"MYS",2001,332497.42453449784,129339105.78717944
"MYT",2001,31.302693666773205,15518.431012405765
"NAM",2001,417.51246074275576,84202.81103468433
"NCL",2001,697.9210994349737,258980.23286672545
"NER",2001,0.15019566479816857,23.807846313683523
"NGA",2001,43386.49462046781,14100117.779647011
"NIC",2001,44109.79204906222,19900991.12537958
"NLD",2001,736.4216233847905,260181.40502559597
"NOR",2001,22445.941399305746,4387653.413784707
"NPL",2001,1523.1947518804516,907147.1346895101
"NZL",2001,50528.282390259345,20476530.63850401
"PAK",2001,217.77039508557064,82254.35613207072
"PAN",2001,18264.10740919843,9287824.011442496
"PER",2001,86013.86649075423,53144230.5386972
"PHL",2001,35165.19170445565,19609341.384335447
"PLW",2001,52.11206111854148,37588.471538525955
"PNG",2001,36005.13509686963,25033258.70365004
"POL",2001,19066.10207518364,5563628.797378923
"PRI",2001,1252.3622311306517,522803.71834341675
"PRK",2001,11945.609487843658,3022676.443807041
"PRT",2001,24405.3798222201,6286871.649157002
"PRY",2001,150238.73294177355,35860163.51954346
"PSE",2001,2.2193022776390037,449.3746318256869
"REU",2001,28.617214131865556,14580.17406430194
"ROU",2001,17535.52879214996,6745480.854663033
"RUS",2001,1826600.2257928597,295805468.5221976
"RWA",2001,1516.766320783176,595886.8274995273
"SDN",2001,26.942953159391145,6926.102256560614
"SEN",2001,70.59427484559615,19589.403766851334
"SGP",2001,43.4538946711022,13271.293719961343
"SLB",2001,2187.117444004163,1628369.14162515
"SLE",2001,18596.425298670856,6996953.029219684
"SLV",2001,9499.391624037513,3361898.593348605
"SOM",2001,339.30394592143864,71166.21506671316
"SRB",2001,2379.5834004701596,946576.5276538216
"SSD",2001,4906.033992682085,1223630.2652750742
"STP",2001,77.22190501910364,44438.39817852492
"SUR",2001,3688.9470519851566,2643087.2596245096
"SVK",2001,3897.3931589882236,1559971.0002763914
"SVN",2001,615.4603105094274,254561.3994992833
"SWE",2001,144850.63556761228,26960872.342862908
"SWZ",2001,6734.853710662622,3499958.938753821
"SXM",2001,1.318283676577616,355.02540474887434
"SYC",2001,0.37957476803600276,121.62871335508994
"SYR",2001,267.2352947336918,66046.12419628499
"TCA",2001,7.7272030495577075,1195.4739832266275
"TCD",2001,883.6264799284601,224458.90149424467
"TGO",2001,2776.2306162179884,743672.2275766432
"THA",2001,36101.943587252776,18225399.536288988
"TJK",2001,61.53772784665547,14711.83990469574
"TKM",2001,46.21279328987052,10115.28078062224
"TLS",2001,677.4261599080289,391503.4974270626
"TTO",2001,1829.0960350927817,822220.6274923936
"TUN",2001,230.67043467130097,63727.92327474091
"TUR",2001,22910.005489408082,5174114.402584695
"TWN",2001,1159.0681163379002,567916.3194389937
"TZA",2001,82214.20404098099,28945452.004304633
"UGA",2001,29658.947217653236,11719382.762626275
"UKR",2001,28826.380197285904,9011461.965922683
"UMI",2001,2.1197106802038723,0.0
"URY",2001,7647.452722553862,1720740.7685434695
"USA",2001,1943318.7440119705,656477998.8485924
"UZB",2001,294.82090200658564,64523.029493064685
"VCT",2001,6.896545779443041,3488.112310657354
"VEN",2001,123881.14411700318,47544158.30060693
"VGB",2001,4.092501167653899,1572.025199290064
"VIR",2001,122.51337074738885,42434.77380690792
"VNM",2001,47433.13018443623,23563988.336352084
"VUT",2001,124.33329790796856,69639.11541778567
"XAD",2001,1.6489892622091076,355.04111645755296
"XCA",2001,9.735251156853339,326.58454051481755
"XKO",2001,1122.2054286094624,468790.3401891922
"XNC",2001,17.661583216680512,4054.685490391299
"ZAF",2001,77644.6905992277,34420356.27521093
"ZMB",2001,30123.727104078484,12090999.584761048
"ZWE",2001,8205.934185048322,2803628.2451662803
"ABW",2002,0.5261077315597574,34.35976431628709
"AFG",2002,178.6403638474288,50016.93762935933
"AGO",2002,61034.227265880814,20104089.982733995
"AIA",2002,0.14632965080077293,27.135005571715798
"ALA",2002,277.8198770561331,56651.55359569912
"ALB",2002,889.5171154809723,337161.56847068673
"AND",2002,1.2550222235396196,512.5847466129196
"ARG",2002,105001.86224591554,24858209.042974517
"ARM",2002,172.53859117797697,52829.13069099044
"ATG",2002,17.656041652525527,5010.571687487014
"AUS",2002,312150.1626838958,38246836.492912516
"AUT",2002,10902.149877053293,4488056.237302199
"AZE",2002,1154.2059428666382,282654.07195191766
"BDI",2002,986.9362125527143,308394.2994802567
"BEL",2002,2348.390595657459,1104861.697167091
"BEN",2002,3480.1873460875117,986649.3164680226
"BES",2002,2.1064574574663926,498.7217118960289
"BFA",2002,4.302910899820298,1021.2479883122968
"BGD",2002,3995.2875738141183,1962980.4196594798
"BGR",2002,4638.738812430539,1208099.0238763145
"BHS",2002,700.9761365211115,151820.09300603892
"BIH",2002,692.6588558243585,268665.9690701175
"BLR",2002,25383.415701556805,6914718.200072556
"BLZ",2002,13473.73051058882,5996744.469663964
"BMU",2002,0.7179594019260316,209.15036463211982
"BOL",2002,178807.97117095982,79062641.46413659
"BRA",2002,3507049.440359023,1611051644.6624327
"BRB",2002,11.391981560742126,3359.3132493950716
"BRN",2002,1088.8455974204992,729818.7150007113
"BTN",2002,223.93488153852292,131389.83195940283
"BWA",2002,22.78899862537743,3562.059111880408
"CAF",2002,34417.72160764835,15417648.329950077
"CAN",2002,2316887.665334142,347580020.77001
"CHE",2002,881.3039026888927,425218.7857742206
"CHL",2002,78080.97298225133,22641470.798625935
"CHN",2002,249150.9600804581,94855576.07602966
"CIV",2002,144559.9075092132,54874822.332595706
"CMR",2002,28766.95157050451,14935157.230747279
"COD",2002,514476.688199549,276887046.6038159
"COG",2002,24310.142379974834,12621965.499698443
"COL",2002,182229.15244789928,96720859.32790186
"COM",2002,41.20393423425391,22475.771329688057
"CPV",2002,22.834003097300197,0.0
"CRI",2002,13289.149086102792,6087510.792743008
"CUB",2002,15035.847383200258,4085866.631586841
"CUW",2002,1.2792836884391083,260.97455299859325
"CYM",2002,5.598244417065943,1225.2363615130184
"CYP",2002,31.74324402104157,6643.281429293375
"CZE",2002,6766.437908201766,2724441.9841564535
"DEU",2002,15303.262374891467,6438307.9074114775
"DMA",2002,11.874708039938657,6496.098843088935
"DNK",2002,1204.489939025414,293921.3511383294
"DOM",2002,10435.979869661625,3686158.705607458
"DZA",2002,3009.8331206448775,788396.5425078538
"ECU",2002,29817.7377164137,17609835.8723477
"EGY",2002,48.81325058290798,9549.16086757782
"ESP",2002,37699.0198096384,10963405.032815764
"EST",2002,21918.38645401351,4973961.107563534
"ETH",2002,13074.08740897593,5304671.611330968
"FIN",2002,142432.4040486986,26371690.00593246
"FJI",2002,703.2099391412208,374810.78207685717
"FRA",2002,33888.39717184103,12871815.82954941
"GAB",2002,13851.846661664198,7909894.170390509
"GBR",2002,20112.349959705167,7015121.878112493
"GEO",2002,536.4421980251133,193538.1534077489
"GGY",2002,0.05034761749348672,8.778783471720997
"GHA",2002,78395.05298355923,31529791.902534112
"GIB",2002,0.12482941034721512,23.12095612957889
"GIN",2002,28933.47428987116,10672491.811050994
"GLP",2002,50.88541895784098,19169.590213693045
"GMB",2002,40.15764073963706,8580.878237733143
"GNB",2002,6073.797258919805,1847020.1373317037
"GNQ",2002,2986.1105441785144,1888871.4899107362
"GRC",2002,5126.049313139805,1100641.801360206
"GRD",2002,65.83774686297731,34775.98846085836
"GTM",2002,55600.934613245205,22703512.860907905
"GUF",2002,2496.7037489298164,1879612.6304642945
"GUY",2002,4827.3949791997,3059513.8973685354
"HKG",2002,15.611556408296554,6747.531024135199
"HND",2002,31528.01232783036,13281762.208248764
"HRV",2002,2340.17949217578,799073.7634178546
"HTI",2002,2120.380504839118,677327.8941393037
"HUN",2002,7711.037369611759,2626854.5714895236
"IDN",2002,855275.8630337374,581099771.8383213
"IMN",2002,13.664859799248465,3804.4197384994286
"IND",2002,53005.48774299055,25741417.91158215
"IRL",2002,5298.280939397984,2145836.0743777575
"IRN",2002,557.7523710477833,128988.20685154016
"IRQ",2002,10.620060314959945,2722.4196448664056
"ISR",2002,111.73067850210307,24555.96226317373
"ITA",2002,10931.227553919232,2948319.308518859
"JAM",2002,1647.5706370802961,734706.9079514167
"JEY",2002,0.8103738939713081,236.77972972198035
"JOR",2002,0.19610755832464163,44.02536815620926
"JPN",2002,26154.03983371629,10103361.440494763
"KAZ",2002,2952.306623724583,740693.7348445045
"KEN",2002,20287.526219996213,9995696.499039326
"KGZ",2002,305.45747979339546,74587.90076328772
"KHM",2002,54862.076200413314,27744381.442685314
"KNA",2002,19.790750576735178,7361.465748965167
"KOR",2002,4705.326871873462,1247603.807684147
"LAO",2002,55936.730712717785,28816703.1775083
"LBN",2002,81.20045903567227,17872.797832099866
"LBR",2002,56984.423820343036,25451311.33370196
"LBY",2002,40.245663534417986,5461.505654802241
"LCA",2002,10.910968093223634,5664.949927458485
"LKA",2002,3427.680385526293,1253706.421533535
"LSO",2002,2.6871395636220567,690.4028946188814
"LTU",2002,10344.838189749196,2754494.1737036956
"LUX",2002,90.45691516310858,44276.72897155872
"LVA",2002,29175.98819434021,7469831.801246761
"MAC",2002,0.9282073810158358,5.949882367474335
"MAF",2002,5.418846674157679,1754.6564858326537
"MAR",2002,3923.5178271129494,1048995.2968609917
"MDA",2002,229.79642069759674,58872.50521416295
"MDG",2002,89317.5141867466,42296799.702873096
"MDV",2002,4.588154946480611,128.6196795604484
"MEX",2002,158834.12538162322,49897352.04352789
"MKD",2002,890.1837635458385,277262.7224814529
"MLI",2002,175.29044283418372,52500.429853728725
"MLT",2002,1.7529613985416561,435.599453563273
"MMR",2002,66119.68070808116,33645470.32868475
"MNE",2002,179.62077121493067,72612.00698367726
"MNG",2002,18728.01995493912,3031456.5789635526
"MOZ",2002,106658.33763229739,33891988.442637734
"MSR",2002,1.62272987035147,794.2139659754952
"MTQ",2002,48.86224870990351,24008.756651258864
"MUS",2002,154.42996053035324,76895.3842759721
"MWI",2002,4189.572627992696,1593948.3686364922
"MYS",2002,312553.7873327663,139186214.2990589
"MYT",2002,20.869190362740085,10832.764640438458
"NAM",2002,108.00721822763501,21878.760425828612
"NCL",2002,626.8680587895832,218676.58347929837
"NER",2002,0.6764164435855735,55.79061875075145
"NGA",2002,32346.7100639561,11441963.265951896
"NIC",2002,54194.49468965784,26706917.321108103
"NLD",2002,824.5813585614009,287642.85951055243
"NOR",2002,26635.753194629626,5399107.392500428
"NPL",2002,2128.643309649216,1268521.6635641407
"NZL",2002,63227.927104114366,27186576.103478704
"PAK",2002,325.01175241510805,138824.59384903338
"PAN",2002,19200.137179005676,9391222.604605075
"PER",2002,80452.08581872507,49774642.69593864
"PHL",2002,32309.189261615633,18240419.129687622
"PLW",2002,75.30077103793151,57438.4823974852
"PNG",2002,54575.50220283366,37868960.535826154
"POL",2002,31070.139790370406,9409631.065253299
"PRI",2002,1168.0957775076686,482776.062438427
"PRK",2002,5358.227207026503,1390211.564494516
"PRT",2002,34903.349145633096,8647340.926035779
"PRY",2002,195124.63977323327,49228352.32410493
"PSE",2002,1.830287114546579,344.7728890122607
"REU",2002,502.6683752347676,221167.28533360575
"ROU",2002,16356.44545125387,6590845.162006157
"RUS",2002,2700378.61646756,376666277.45139587
"RWA",2002,941.3387180415664,314207.9545355676
"SDN",2002,76.100355817295,15840.431960990914
"SEN",2002,164.4305544204714,46747.08126718732
"SGP",2002,123.51699899682126,45256.014168533955
"SLB",2002,3866.1066676061387,2959105.8252003915
"SLE",2002,15310.24197184778,5353133.087534068
"SLV",2002,4666.509817077913,1715183.4371956638
"SMR",2002,0.11147912894096587,17.95364558977003
"SOM",2002,250.89133041983578,48623.98894075627
"SPM",2002,0.10585656288411607,11.48078255921176
"SRB",2002,1134.989088454789,452103.02314697433
"SSD",2002,8148.679824300619,1829359.4929522846
"SUR",2002,3717.4775623941955,2662170.7539646993
"SVK",2002,4015.732504557561,1741649.4357419456
"SVN",2002,723.8725078303686,311028.19545810326
"SWE",2002,178208.62400177098,33689044.84878123
"SWZ",2002,3800.765838255505,1968423.1066455161
"SXM",2002,0.4394277226475445,107.43371317128296
"SYC",2002,0.22777533419812074,62.76385603195942
"SYR",2002,147.99919406998805,38711.70587836125
"TCA",2002,4.652026517454743,772.6326700900438
"TCD",2002,1958.4758298640368,506105.70038950694
"TGO",2002,2020.78548264056,539906.4020804721
"THA",2002,60882.18973660286,30993356.280736513
"TJK",2002,36.63912048615033,9047.79790396833
"TKM",2002,105.17874006197262,25798.803667605087
"TLS",2002,1604.598897745211,904058.0230966773
"TTO",2002,726.0770093425068,328445.33011660376
"TUN",2002,243.8717386661177,60281.15007573886
"TUR",2002,25722.221416789413,5755807.896358564
"TWN",2002,1004.5740217444826,491002.19901794946
"TZA",2002,85080.9008941805,28100148.827203467
"UGA",2002,10840.696812711083,3717017.7140194746
"UKR",2002,27077.01970561093,8144850.825576424
"UMI",2002,6.50553305832537,0.0
"URY",2002,6870.118670349908,1876670.6070188556
"USA",2002,2038435.6910358036,669617159.403968
"UZB",2002,265.2317188123235,56786.26885202625
"VCT",2002,7.945998948950542,4026.3841096905935
"VEN",2002,90372.3770765122,33422071.164155643
"VGB",2002,2.9964415563301254,1165.2319093708456
"VIR",2002,20.902833133086027,7980.88958892474
"VNM",2002,49625.43782322284,24463309.56813058
"VUT",2002,108.2396496136766,57805.0963142818
"XAD",2002,0.5072022267360823,124.7856954256225
"XCA",2002,23.393913964442056,1848.5516957877028
"XKO",2002,214.90788225391222,89582.6001890971
"XNC",2002,3.340847416699047,712.6096402613118
"ZAF",2002,47679.93414151415,22263097.78392544
"ZMB",2002,46240.24361343918,16665879.66267178
"ZWE",2002,8016.170850724259,2591099.3544904506
"ABW",2003,0.9770576000162206,79.40695102728746
"AFG",2003,244.3362551767149,72753.97959676437
"AGO",2003,52461.54546571214,16307946.51435799
"AIA",2003,1.0977450849945123,172.09874484514262
"ALA",2003,220.7748551945089,46038.8582587517
"ALB",2003,613.5339649961659,192631.00042694126
"AND",2003,0.34206364213546203,121.5370453153348
"ARG",2003,249155.0068930148,48155579.4662003
"ARM",2003,395.8166949184243,135200.0817396545
"ATG",2003,17.07802261138942,5213.477029993483
"AUS",2003,373846.6090834302,56637558.23954272
"AUT",2003,14475.69482639903,5776683.679631864
"AZE",2003,1039.341551161217,308618.57184229913
"BDI",2003,1325.1833183144026,486963.0104256085
"BEL",2003,1889.7775126456486,904251.0735555443
"BEN",2003,3475.9264146506775,1011673.4175982368
"BES",2003,16.150189673179547,0.0
"BFA",2003,2.0382434837905903,487.3827114749589
"BGD",2003,2159.4571583422007,1055090.1471022896
"BGR",2003,5198.715557750092,1636565.4839708782
"BHS",2003,274.23087625079586,56111.85300710243
"BIH",2003,307.8114116824444,123325.12808881945
"BLR",2003,32119.38156307515,8614391.164279677
"BLZ",2003,6843.896175354129,2982566.9318824555
"BMU",2003,0.13057024276584386,26.765270561221918
"BOL",2003,163759.09875803578,77610109.16466947
"BRA",2003,3248526.734428085,1478305310.9691598
"BRB",2003,2.9978493868487877,879.2225351141426
"BRN",2003,799.1767213173893,512986.10296591895
"BTN",2003,543.600767286449,279603.97440350556
"BWA",2003,8.57255134382095,1354.153322264828
"CAF",2003,13726.637877635061,6675226.183426966
"CAN",2003,1607282.579640001,306956994.8924737
"CHE",2003,433.28288506458534,195999.6028742515
"CHL",2003,82843.76403634551,25789122.596064486
"CHN",2003,261761.4952230371,88069169.12605083
"CIV",2003,86282.29678784579,33056018.384962853
"CMR",2003,25344.846357118873,13633887.305973329
"COD",2003,274739.99936612527,142677312.64978343
"COG",2003,18514.84251835105,9796046.961298471
"COL",2003,122417.14483392604,59335602.79485165
"COM",2003,26.653313946282296,12524.803664724262
"CPV",2003,8.925222414318611,0.0
"CRI",2003,8260.60775475768,4116618.8237495176
"CUB",2003,6556.683915455965,1850783.533648957
"CUW",2003,0.8279577078976309,155.59389139129493
"CYM",2003,6.324797603707654,1358.6913708664783
"CYP",2003,25.229167813254673,5723.714368675084
"CZE",2003,3925.277971307642,1643342.7928521878
"DEU",2003,6448.617531415097,2900728.5435140473
"DMA",2003,27.238702436101473,15179.6762473412
"DNK",2003,1579.7132602724555,387235.98792579735
"DOM",2003,10714.001580517697,4153162.076917319
"DZA",2003,3831.437113181389,1046125.8817302505
"ECU",2003,13835.726425089086,8139535.727732807
"EGY",2003,61.01187804403611,12690.064920501838
"ESP",2003,23315.39343602118,6953223.94417087
"EST",2003,5632.561978609516,1376179.5590793162
"ETH",2003,13936.041223504026,6369074.791301831
"FIN",2003,89696.55115480692,16255145.790007938
"FJI",2003,1572.2359040041572,837845.5676692291
"FRA",2003,26393.334176950855,9918669.188244168
"GAB",2003,16845.22030958808,9861450.1820474
"GBR",2003,1875.167369668363,583275.9306927423
"GEO",2003,292.00268502888684,112316.19879806961
"GHA",2003,24955.24902474296,9781360.309398139
"GIN",2003,9229.458008573076,3517452.71797897
"GLP",2003,76.87749933855714,29379.72228266666
"GMB",2003,10.565436645513307,2393.7069485354127
"GNB",2003,1021.8773642705896,331738.44157419604
"GNQ",2003,1961.1875362739293,1206393.6023246995
"GRC",2003,2562.5351736106754,586049.2838184718
"GRD",2003,71.34625369095426,38018.95186811696
"GTM",2003,98173.67565441385,36514655.6846764
"GUF",2003,1889.081601429532,1399883.754321796
"GUY",2003,7418.606943217312,4533061.086444858
"HKG",2003,7.057239354878253,3433.1200004880498
"HND",2003,33624.77327500592,14247219.152595479
"HRV",2003,1738.980492080273,620682.237969828
"HTI",2003,1070.1620748488451,372273.56414502725
"HUN",2003,5733.0227327300845,2007061.3138272814
"IDN",2003,544810.2966414562,356240371.98994076
"IMN",2003,1.8172980330315807,526.421691419497
"IND",2003,47750.63814665939,22997524.461837903
"IRL",2003,2262.8651822047136,947333.5763358825
"IRN",2003,326.6750206037101,76222.00453264058
"IRQ",2003,19.616724948297637,4988.34521268656
"ISR",2003,30.17165819324043,6355.071960162033
"ITA",2003,3613.191038398803,921280.0547305198
"JAM",2003,1029.2740343533624,445888.33186089055
"JOR",2003,0.06525960308484872,13.32024218264414
"JPN",2003,19747.364254436117,7804916.354316091
"KAZ",2003,3351.8589007168284,564203.9025086366
"KEN",2003,13552.810756986388,6224604.982094868
"KGZ",2003,110.78956037754932,27827.414517573783
"KHM",2003,56839.54350300891,27884051.31589786
"KNA",2003,32.147384419361416,13111.691551646349
"KOR",2003,3611.3329734295617,963874.7182865329
"LAO",2003,87074.13238306902,44629894.24316471
"LBN",2003,83.57542339318366,19372.666705153082
"LBR",2003,21604.81357378903,9841134.439793166
"LBY",2003,25.265717369963056,4495.577380316873
"LCA",2003,19.426686202706634,9470.209173423218
"LKA",2003,3149.494821011783,1184844.5391835803
"LSO",2003,2.4846925837131573,631.2819957582387
"LTU",2003,8916.009263466614,2440584.2436907412
"LUX",2003,103.41997074482545,50240.61601851225
"LVA",2003,21321.4158982868,5731748.850710866
"MAF",2003,3.295436471415828,1121.222690418984
"MAR",2003,2042.5264597853277,554133.7288743193
"MDA",2003,100.59934625906486,26038.812789391155
"MDG",2003,84247.95977445345,37507277.62509412
"MDV",2003,2.14270827407388,29.786882722313866
"MEX",2003,152559.29621048173,48140529.58480513
"MKD",2003,895.2280942617008,290200.95059948263
"MLI",2003,34.24351147247257,10906.76772350117
"MMR",2003,77224.46441370777,39965295.214358464
"MNE",2003,203.6859679195104,61035.77437889664
"MNG",2003,38433.8309970708,6117689.578924301
"MOZ",2003,79643.95852978117,26286915.58605664
"MRT",2003,1.2562662985708921,368.1794600257034
"MSR",2003,2.2860583133669876,1010.3942748023566
"MTQ",2003,288.4695297862199,144062.535183808
"MUS",2003,119.63026211285512,52287.35064038603
"MWI",2003,7112.9967172273155,2593056.198171565
"MYS",2003,183911.21649570065,105458882.62327284
"MYT",2003,30.92584943197268,15026.802233411558
"NAM",2003,208.68421667214028,50240.97554794004
"NCL",2003,883.9158607569915,343936.6549404651
"NER",2003,0.22459616474501715,37.32102763440821
"NGA",2003,13380.628805818125,4546445.051779503
"NIC",2003,46963.690843945995,22257786.235302825
"NLD",2003,309.8542633869565,112717.3098304182
"NOR",2003,14817.391839598024,3073780.3991446714
"NPL",2003,2291.9374757577057,1361876.9839815255
"NZL",2003,44798.28288823137,19777160.72201394
"PAK",2003,641.6977650105559,267286.8109214338
"PAN",2003,11283.210969561449,5608526.466360611
"PER",2003,73869.24330270546,46246812.23204991
"PHL",2003,35154.20535135289,19864828.915587798
"PLW",2003,17.62527664777053,11956.007799503308
"PNG",2003,31805.61402673536,23194651.112543225
"POL",2003,33292.99196950315,9970531.190706395
"PRI",2003,1194.0894541781158,538998.4711918817
"PRK",2003,7348.877292261242,2017174.1598500856
"PRT",2003,26840.336369867156,5379871.121671196
"PRY",2003,267309.0874730289,68692184.42931329
"PSE",2003,1.438763533190375,277.3202467895022
"REU",2003,142.62759707510386,61584.456467271586
"ROU",2003,9427.5989467833,3738285.98523595
"RUS",2003,3030065.8503451697,383382911.45222557
"RWA",2003,1060.927567561839,425923.4042208751
"SDN",2003,18.66824163755342,3507.8414709456506
"SEN",2003,37.788904449553165,10382.820013314778
"SGP",2003,18.842758678476283,6396.437149275029
"SLB",2003,2374.830165172579,1766740.9912418728
"SLE",2003,9098.946830840476,3556283.5705938474
"SLV",2003,5983.700595974625,2182349.4505799254
"SMR",2003,0.05577909176431974,14.492758940248937
"SOM",2003,105.37201533407176,23365.176488972054
"SRB",2003,864.9410100557976,350655.9201041789
"SSD",2003,2063.178286316276,538609.264925665
"SUR",2003,4545.827243138855,2946042.304622489
"SVK",2003,3750.001625422678,1579824.6398327674
"SVN",2003,528.349742586037,211394.17776864363
"SWE",2003,92592.20487265574,18430768.15262133
"SWZ",2003,5760.3539923981125,2966785.440807988
"SXM",2003,2.124104590143108,457.26427587971364
"SYR",2003,114.80634171492855,28899.687838736416
"TCA",2003,10.376101182976337,1572.773336935172
"TCD",2003,193.541376089459,52706.69784518785
"TGO",2003,2054.056558876747,612360.5175103577
"THA",2003,58447.94220100269,29422372.827670377
"TJK",2003,31.8686930646118,8251.612540909106
"TKM",2003,84.8627666524426,21533.036181868203
"TLS",2003,690.7395442515392,402363.444323182
"TTO",2003,726.4368091047439,332008.8736270936
"TUN",2003,1539.0837284429413,425642.9543542351
"TUR",2003,17743.881680885275,3997768.84352964
"TWN",2003,1125.2061681791838,551866.0259522885
"TZA",2003,84068.20902737133,26895404.585414696
"UGA",2003,11980.095646038108,5157815.561714237
"UKR",2003,38954.86704522236,11518240.915551301
"URY",2003,10611.510368890114,3378688.699929276
"USA",2003,1649383.909502726,553061275.0150983
"UZB",2003,52.7988959531834,12546.578566511103
"VCT",2003,9.668587917931797,4824.608043031323
"VEN",2003,87228.87270645585,36106505.9556837
"VGB",2003,1.827421839702587,623.4943882241488
"VIR",2003,39.95442693876152,14495.969790865136
"VNM",2003,43007.84844743047,21809208.70863753
"VUT",2003,529.2629617511028,292973.02926290256
"XCA",2003,8.850481389717615,405.90965377657545
"XKO",2003,261.32417721092054,110899.2323478956
"XNC",2003,2.458474055540422,563.9856776110512
"ZAF",2003,92572.61492256951,44941641.573112994
"ZMB",2003,41954.730613507476,16069729.168716496
"ZWE",2003,7312.198340595478,2684715.036143079
"AFG",2004,201.44495854327695,55078.33929419075
"AGO",2004,71273.8769082297,21267358.21104374
"AIA",2004,8.853995905078706,1585.4019434588777
"ALA",2004,735.8497960169552,161178.81343308117
"ALB",2004,3236.595539517805,1270904.6608762958
"AND",2004,22.589374486580432,8135.160994323598
"ARG",2004,433429.6896692101,84850833.06384483
"ARM",2004,83.20474394817425,24074.72186039145
"ATG",2004,25.463259746411154,7927.32786045055
"AUS",2004,124768.67701804732,36403157.07503069
"AUT",2004,14599.404767317608,6300071.223800796
"AZE",2004,584.9557930023351,148842.2840840187
"BDI",2004,613.8788332912479,200084.96672989207
"BEL",2004,4793.3406507600885,2306596.446189062
"BEN",2004,683.6076116432105,191363.82674017048
"BES",2004,0.2973955523426689,93.22693800740414
"BFA",2004,8.605090963659102,2140.8903429191305
"BGD",2004,4282.539725954244,2042425.8189492968
"BGR",2004,8170.466306712997,2641869.0196049116
"BHS",2004,588.0993714639432,128145.83320102516
"BIH",2004,4121.8200110694,1609781.8000036657
"BLM",2004,0.14659799170572085,32.65992894481271
"BLR",2004,38596.68301420411,11559013.857668389
"BLZ",2004,4312.112328504075,1762248.1137687853
"BMU",2004,0.6527592358810764,188.86993031570728
"BOL",2004,203251.48407990346,89553367.50854866
"BRA",2004,3848770.7897087755,1884753108.3877172
"BRB",2004,8.31953771087038,2888.875547938322
"BRN",2004,1197.1361964396917,813831.1793440669
"BTN",2004,1013.1778037773904,618097.5936077775
"BWA",2004,50.65776500746774,7437.796099466681
"CAF",2004,14588.897281181366,7223204.669326454
"CAN",2004,2706458.8716435805,534380444.00137043
"CHE",2004,3829.6591221960366,1786031.0475615463
"CHL",2004,85728.78242752231,27693100.358554564
"CHN",2004,501543.7960727643,181437238.59741816
"CIV",2004,48048.33722282457,18385802.014942706
"CMR",2004,23003.29792671286,12089100.061895669
"COD",2004,400044.2739637686,219253531.4708421
"COG",2004,13832.850059905293,6755855.172491546
"COL",2004,253840.00872719177,132575307.35327102
"COM",2004,40.383838046114285,21179.10043455811
"CPV",2004,0.5951315904448446,0.0
"CRI",2004,9767.049735836767,4376601.56170455
"CUB",2004,21973.72747325697,5896473.587843438
"CUW",2004,0.6018405484309768,116.30864444687606
"CYM",2004,47.10307623725183,12687.129309195716
"CYP",2004,87.55564101154867,21045.702180140666
"CZE",2004,13453.69085658609,5541370.561801127
"DEU",2004,44939.98180329039,20117185.665877685
"DMA",2004,79.35513134411624,44306.9322484249
"DNK",2004,2413.8128534468738,632234.5640560611
"DOM",2004,19387.941351558587,7636939.546494305
"DZA",2004,4374.159388326185,1157847.3312179511
"ECU",2004,37249.863887454754,20050012.24018435
"EGY",2004,101.44923952656616,19750.403128305377
"ESP",2004,67273.87561748897,18660115.289232317
"EST",2004,18106.220701032773,4272387.797506195
"ETH",2004,13396.26215763022,5768402.875528498
"FIN",2004,146602.34618665508,28175469.98957018
"FJI",2004,2079.813683889321,1094309.6724520328
"FRA",2004,76134.34456179685,30424239.94950193
"GAB",2004,9981.65561437638,5767790.34332959
"GBR",2004,24846.812633895042,8991001.449578853
"GEO",2004,1967.0627147690045,786557.7507952845
"GGY",2004,0.10076184875216442,24.808754386145154
"GHA",2004,17625.240506361584,7468374.462343489
"GIN",2004,17158.32610136495,6006281.720735185
"GLP",2004,191.17001250964663,77856.80037106585
"GMB",2004,63.08472250285085,14505.239990933926
"GNB",2004,3539.1021597491103,1167343.2239406323
"GNQ",2004,421.43077213091345,241159.49726948907
"GRC",2004,6813.6906173237485,1751997.1931736607
"GRD",2004,631.0175741537957,374504.93689844717
"GTM",2004,56448.6091820199,23522940.563367743
"GUF",2004,4805.025467366851,3585446.1144609675
"GUY",2004,4062.367009515404,2620874.8328761538
"HKG",2004,18.888907243490976,7164.52591933837
"HND",2004,26455.07106438148,11495412.100263314
"HRV",2004,6727.127960094554,2381710.7799183433
"HTI",2004,2382.72800984618,816345.4385298057
"HUN",2004,12008.509134694097,4345633.020917713
"IDN",2004,1289042.6570554655,926685214.25105
"IMN",2004,8.5789168203118,2803.272861524587
"IND",2004,74129.19982692368,35570280.93610069
"IRL",2004,6865.772988993418,2921078.8508542133
"IRN",2004,276.0028258302431,65061.12687595697
"IRQ",2004,4.421485863228986,1037.1958032838645
"ISR",2004,67.69178197018232,14367.420549870578
"ITA",2004,17224.877344733184,4551816.903967324
"JAM",2004,3901.1525247118743,1843574.7663995812
"JEY",2004,1.1644867547351767,380.30916912413693
"JOR",2004,2.2851488386109806,485.06427145436425
"JPN",2004,37312.53503544242,14951933.650903322
"KAZ",2004,5513.101850279311,1103132.71173772
"KEN",2004,16988.328295759806,7525839.531984585
"KGZ",2004,192.26898602453122,51232.59839681583
"KHM",2004,79250.90741288,41588145.6849794
"KNA",2004,25.076339402623972,10507.79714115894
"KOR",2004,11406.23474243945,3129264.499897998
"LAO",2004,64248.476558838025,33593576.97162836
"LBN",2004,109.2798765529326,25592.348367956885
"LBR",2004,6233.559719353852,2905430.119062618
"LBY",2004,10.263163756436642,1964.493381934159
"LCA",2004,40.20301619329502,19082.324421800815
"LIE",2004,9.430858215251709,4724.741997829217
"LKA",2004,5599.4477929496625,1877286.5982609168
"LSO",2004,4.377548763452557,1105.537608161133
"LTU",2004,13100.967028295541,3672501.9623794444
"LUX",2004,311.49134237749547,155913.10132734006
"LVA",2004,30638.906536496957,8160689.931642095
"MAF",2004,1.6110697183581983,575.4512048650441
"MAR",2004,1440.5777208969855,372559.0754338079
"MDA",2004,264.03618088550013,67248.40555695655
"MDG",2004,81845.25203281995,39401560.89906184
"MDV",2004,2.372010473394032,204.481736423367
"MEX",2004,169841.4503237048,55047884.698305875
"MKD",2004,2200.4523502732864,787793.6643018425
"MLI",2004,153.31263434446046,45873.77566093408
"MLT",2004,2.504050278980124,602.0885462306013
"MMR",2004,102186.32358508547,52551139.309348926
"MNE",2004,915.3286137446444,361431.8754410453
"MNG",2004,53302.97359115108,10188468.31770764
"MOZ",2004,107725.6993960126,34105443.8265952
"MRT",2004,0.07370740676323366,11.155363409190992
"MSR",2004,7.6700828187531025,4283.699394321528
"MTQ",2004,166.99436810846635,83448.71295666904
"MUS",2004,328.8277761067276,150700.32352047044
"MWI",2004,5712.450872124045,2050441.711531545
"MYS",2004,351801.5404856576,197276333.98567945
"MYT",2004,5.104813808738422,2124.014237591215
"NAM",2004,61.46320700230095,14525.56863789668
"NCL",2004,1510.2029931900952,592753.8397864929
"NER",2004,0.07517734828178826,13.35297843954364
"NGA",2004,14643.947951798007,5352274.800343974
"NIC",2004,21064.752438325515,9985794.896793917
"NLD",2004,1297.312206826136,465551.32152040733
"NOR",2004,33742.0711185995,7030124.610212345
"NPL",2004,2479.58915154473,1336753.725574158
"NZL",2004,60680.50743493391,27953005.784842994
"PAK",2004,1168.0562168352176,450118.3797607144
"PAN",2004,16835.992874614407,8657320.672473552
"PER",2004,101320.46880731854,63769206.749816895
"PHL",2004,48579.06242709635,28578162.480577428
"PLW",2004,29.829709050038176,21713.6550237882
"PNG",2004,58329.43331145293,41071454.0451041
"POL",2004,41873.83974859586,12946743.297174796
"PRI",2004,1323.6843315095948,600761.6018132956
"PRK",2004,11358.566935198272,3103551.019349363
"PRT",2004,55314.55767324335,12058644.838478956
"PRY",2004,247347.94300050518,68973292.06846681
"PSE",2004,1.1804181069716537,244.84635686989137
"ROU",2004,18859.007717972832,7754787.929582885
"RUS",2004,3521017.6665778765,613855204.7711009
"RWA",2004,1121.6871319634904,445189.46667491144
"SDN",2004,13.206828050034078,2423.716777137185
"SEN",2004,128.04695928382185,38210.77024604029
"SGP",2004,34.9939302367658,12908.960659232798
"SLB",2004,3543.1802252237403,2739862.6800684477
"SLE",2004,4019.8394906627354,1633841.9735736328
"SLV",2004,4554.9362082100315,1777978.487371588
"SMR",2004,0.6132870810481421,133.11333790650397
"SOM",2004,215.01119136066882,42961.051419789845
"SRB",2004,2637.804358479412,1097845.7994572117
"SSD",2004,10442.506184766542,2512773.881727569
"SUR",2004,5423.311786054858,3673093.989279611
"SVK",2004,4624.862473717234,2060154.5860494252
"SVN",2004,1271.7874973488056,568780.7944103173
"SWE",2004,271480.61038835614,54562809.52988727
"SWZ",2004,5363.8519618116,2744757.3947337284
"SXM",2004,1.0985717890602675,292.82963830738674
"SYR",2004,107.02234533435136,29027.206285753105
"TCA",2004,10.444548222475204,1847.2188740022214
"TCD",2004,456.7286127173905,118923.22082009945
"TGO",2004,2761.0381642982375,805210.5542555045
"THA",2004,91835.29433756434,46467487.6104268
"TJK",2004,20.004651233485372,5233.079577553231
"TKM",2004,28.849719600566168,7577.754648996899
"TLS",2004,2061.9107673198228,1127369.2406671133
"TTO",2004,734.0504236327212,362440.97294187517
"TUN",2004,318.5653458264811,92378.76607203926
"TUR",2004,28978.04726019823,7101268.299044396
"TWN",2004,1858.3438274438306,958579.7539684349
"TZA",2004,66892.5873775437,21126669.326274034
"UGA",2004,18076.759696836583,7521506.254208059
"UKR",2004,49493.096793219665,16047292.172461772
"URY",2004,15126.325975619095,5395850.610546951
"USA",2004,2746257.2881786483,851716500.1847619
"UZB",2004,48.65639147340711,11667.588010894076
"VCT",2004,21.283276545113154,11851.647691691838
"VEN",2004,90986.85666456669,35397005.43060889
"VGB",2004,2.6309563865515,955.4088923381776
"VIR",2004,33.274924029803884,13283.241341581985
"VNM",2004,73880.88153635434,39170693.54755861
"VUT",2004,377.56046244946424,205029.48364521936
"XAD",2004,1.5893532350324617,440.6670935375363
"XCA",2004,16.444494782428215,555.84389581109
"XKO",2004,572.8396520302448,255242.51800594717
"XNC",2004,15.45242380427564,3596.479974289792
"ZAF",2004,72602.01358416823,35782780.14365056
"ZMB",2004,28487.549060416244,9956031.556267899
"ZWE",2004,8421.515294992767,2857220.8191380487
"AFG",2005,235.9568343227223,68037.96326342277
"AGO",2005,93434.73684429792,27285796.430977054
"AIA",2005,3.658662922814462,682.2922849336942
"ALA",2005,698.8540972582019,157513.19262416457
"ALB",2005,694.57535102168,262834.36385918735
"AND",2005,2.3961576984419146,902.0477083887317
"ARG",2005,367249.3477749231,77867958.78802897
"ARM",2005,104.01457763653674,31408.648531132596
"ATG",2005,61.1655998157245,21348.033448248156
"AUS",2005,177023.60812762546,40284130.51143957
"AUT",2005,21657.14560851336,9934268.582847305
"AZE",2005,246.26525875779737,63862.233444225974
"BDI",2005,985.3796718916622,339699.972776114
"BEL",2005,3027.934669254442,1471875.7633908028
"BEN",2005,1591.0866024042334,510517.2496301049
"BES",2005,1.1066111545665769,70.03349420837145
"BFA",2005,16.907762004621727,4263.066910904209
"BGD",2005,3293.0324562676738,1683104.443505015
"BGR",2005,6566.710561228256,2310517.5524846455
"BHS",2005,1450.0905736403022,312292.70675354084
"BIH",2005,573.6156294017815,255022.3048233199
"BLM",2005,0.07329884462564688,15.5659574321493
"BLR",2005,36192.43594918875,11164340.883373367
"BLZ",2005,8103.846463222183,3542834.7000795095
"BMU",2005,0.3263391013509207,94.1253827516132
"BOL",2005,250748.32715335672,116816315.515352
"BRA",2005,3486562.705496219,1816124252.2776444
"BRB",2005,9.518267798253039,2676.7243114797047
"BRN",2005,1278.3185994222692,852682.3993264998
"BTN",2005,770.0022306137096,482374.46780182444
"BWA",2005,49.09584396511176,7760.0680602013645
"CAF",2005,29316.80743703721,12682598.16345636
"CAN",2005,2920793.2579272045,466320392.0627094
"CHE",2005,2321.120704449178,1217558.20384765
"CHL",2005,106925.71861375426,35514947.208385564
"CHN",2005,383590.3454234249,155935026.8458929
"CIV",2005,65320.73486399581,24275131.14855735
"CMR",2005,25159.00557063792,13594412.892372496
"COD",2005,485292.8787502676,273332819.9182397
"COG",2005,18853.37768475093,9933451.295285715
"COL",2005,188743.67090602432,99366752.06687404
"COM",2005,86.55857498990261,43860.57553726986
"CPV",2005,5.479304097496976,0.0
"CRI",2005,16562.80374962538,7521881.232845137
"CUB",2005,12833.60324180996,4123139.808873717
"CUW",2005,0.6772892020323072,146.24781591739995
"CYM",2005,9.160497888888976,2489.945565386594
"CYP",2005,34.650572556686306,8399.047364466087
"CZE",2005,25560.17640998683,11073890.660634534
"DEU",2005,39738.50154297575,17833083.7564871
"DMA",2005,52.32315261489941,28975.935399916045
"DNK",2005,9048.804002808885,2518463.483892502
"DOM",2005,25088.10482561891,10186069.245443968
"DZA",2005,4469.56862856077,1213802.4662425073
"ECU",2005,40379.264729787734,22838127.522783946
"EGY",2005,52.65109406146223,10786.115883230306
"ESP",2005,48955.00104648352,13436644.927500345
"EST",2005,14818.213453452732,3629638.6978332824
"ETH",2005,15868.633406230421,6482029.822189695
"FIN",2005,230333.5206323776,45097432.22385442
"FJI",2005,1665.637318835425,916059.3187577132
"FRA",2005,46390.59105099805,19142338.62777183
"GAB",2005,17699.01808255195,10665072.970843544
"GBR",2005,8872.532131758824,3570484.153056897
"GEO",2005,548.9994964381224,203305.44537179585
"GHA",2005,41346.40078092854,17518204.024905995
"GIN",2005,14580.935631876073,5019145.08940726
"GLP",2005,223.08018623578874,85499.44161756535
"GMB",2005,5.544739316447486,1729.0242230409153
"GNB",2005,3928.1862482161855,1318567.2211330275
"GNQ",2005,1608.551505666601,980946.5909889368
"GRC",2005,4180.682541744545,991752.5248957466
"GRD",2005,47.48766736397181,25716.924986489987
"GTM",2005,100829.28972462175,40715123.56916124
"GUF",2005,2840.6533118208163,2112142.2212187643
"GUY",2005,5832.153956404773,3760089.6382096605
"HKG",2005,8.768261271498215,2619.948720165646
"HND",2005,40471.66286401137,18288017.17292291
"HRV",2005,2747.170450849877,1151770.3601683083
"HTI",2005,2033.2409006498376,775375.3254305903
"HUN",2005,10398.145461571467,3754231.9128561867
"IDN",2005,1182441.7845005854,888085877.9478846
"IMN",2005,10.69349067252699,3177.456983283648
"IND",2005,62504.6738471567,30965159.12739454
"IRL",2005,8093.547856070732,3530958.471066807
"IRN",2005,173.0219534049863,40846.307748203566
"IRQ",2005,4.556405289434704,1056.0897526504916
"ISR",2005,137.28609790343666,31526.907206739346
"ITA",2005,10896.061014568422,3085736.739749558
"JAM",2005,7597.856756321772,3819589.8250024384
"JOR",2005,0.06540410015082093,14.532510419464522
"JPN",2005,36385.89071342865,15012041.68865091
"KAZ",2005,3166.5428012076036,860057.0375376736
"KEN",2005,12745.43286096435,5411527.722435009
"KGZ",2005,82.05093487974106,22174.36821123833
"KHM",2005,64649.350260773586,34622397.48907138
"KNA",2005,18.9032536789698,8145.521639252381
"KOR",2005,8922.221204004147,2514801.177044772
"LAO",2005,68327.27623630656,36775719.87903177
"LBN",2005,300.13519423621426,72828.15017881377
"LBR",2005,11323.806713074364,5217168.724303063
"LBY",2005,21.825753514241793,4189.176794065703
"LCA",2005,53.96006044740865,25675.89311260658
"LIE",2005,5.532249857915559,2607.5553264001087
"LKA",2005,4682.153364733019,1909330.413686318
"LSO",2005,2.013437065103101,377.7152837419768
"LTU",2005,20384.543333327005,5792159.848283413
"LUX",2005,67.94917343592181,34295.22486038088
"LVA",2005,40712.26075177747,11211400.014963763
"MAF",2005,4.906544016077197,1510.859954441229
"MAR",2005,1526.3800085863616,389629.247931792
"MDA",2005,109.776083010507,29491.706903055263
"MDG",2005,93628.1499591048,42858497.39810932
"MDV",2005,3.597419442967647,185.18423484476162
"MEX",2005,206855.7161498085,69617296.40288372
"MKD",2005,1306.6783199914673,464369.26891457324
"MLI",2005,83.21800502106075,25532.775001894777
"MLT",2005,0.3752449015798398,89.49528180237063
"MMR",2005,91847.19124584926,49128903.24010387
"MNE",2005,172.28625925766983,77449.22531644555
"MNG",2005,7466.8257396304925,1625938.0334061342
"MOZ",2005,150558.13881523654,50600104.40937552
"MRT",2005,0.07390090465928399,11.650008070941453
"MSR",2005,24.342388225023633,13676.28450349096
"MTQ",2005,204.77384899900474,97565.38703165247
"MUS",2005,174.2112223704991,79525.9784077438
"MWI",2005,9445.00871853518,3133565.780588693
"MYS",2005,375419.8629906622,220633411.522278
"MYT",2005,34.3077512874992,16203.561217735298
"NAM",2005,64.32429262035579,9980.754063185244
"NCL",2005,1471.6869133101538,609979.5515811389
"NGA",2005,13279.899100205119,5042793.938234544
"NIC",2005,95150.05187797986,47246806.59758268
"NLD",2005,1472.0380617275848,549843.7463913142
"NOR",2005,24918.837518616878,5311871.074650716
"NPL",2005,2758.3194939241807,1650630.7363267276
"NZL",2005,52519.23787989089,24534583.28847512
"PAK",2005,948.1827763346345,336760.24717860547
"PAN",2005,12349.22332500471,6527322.873726429
"PER",2005,163023.13774441154,100221531.52582349
"PHL",2005,49781.584814801536,28667690.40696801
"PLW",2005,43.40984524106149,31431.26817710297
"PNG",2005,39021.21608219155,27702239.516655166
"POL",2005,82378.57066585589,27366446.29466559
"PRI",2005,1288.0073145079236,581571.8010510866
"PRK",2005,16528.514229980447,4432285.96162439
"PRT",2005,38934.42515101379,9575840.275645882
"PRY",2005,262650.76398203237,61495150.473941006
"PSE",2005,0.4567733455360355,84.22069357671343
"REU",2005,225.32395660256506,119503.36489705129
"ROU",2005,19418.213769648526,8370215.287975905
"RUS",2005,1589990.6946778465,385030553.9934786
"RWA",2005,821.9229421135783,353496.7190089034
"SDN",2005,100.18787363849599,24356.868057323318
"SEN",2005,71.58203072294756,20839.476122569722
"SGP",2005,82.29476475484248,30193.95295807502
"SLB",2005,6549.4259105751,4940725.183182243
"SLE",2005,6872.404838473089,2758191.452984368
"SLV",2005,5880.546431202977,2313499.019120917
"SMR",2005,0.16724759598740369,30.827816501096656
"SOM",2005,271.9112388668852,47004.15324772124
"SRB",2005,1550.5737278354404,647357.0679552354
"SSD",2005,10566.19773014747,2497207.8722440917
"SUR",2005,3512.1445027798,2389896.866686376
"SVK",2005,27674.414933272546,11762914.33704087
"SVN",2005,1950.9542617244579,891521.5432376235
"SWE",2005,248544.12555316318,53669311.98521298
"SWZ",2005,4535.096300842923,2424527.6142533757
"SXM",2005,3.588811762028876,871.727464240027
"SYC",2005,0.1518440893570877,40.917310400589436
"SYR",2005,791.8076299422554,157346.27283596603
"TCA",2005,22.250304432097064,3612.452705260829
"TCD",2005,472.3727029263107,129239.84997263359
"TGO",2005,2047.9655875674368,659460.8254093664
"THA",2005,84287.0600426102,43939613.510491915
"TJK",2005,28.539265388351037,7381.700546400461
"TKM",2005,30.532779796598373,10148.93576614496
"TLS",2005,1311.3081182376336,730747.5009309589
"TTO",2005,1228.8639556546586,581407.3086651305
"TUN",2005,632.9729462783865,178821.35782341045
"TUR",2005,20410.602625434127,4857761.011336065
"TWN",2005,1522.3150202637435,767040.7998100454
"TZA",2005,91583.41418902193,29345752.041036863
"UGA",2005,29172.076933966207,12705704.066034665
"UKR",2005,36558.454164115225,12424903.559798593
"UMI",2005,84.49769212775365,0.0
"URY",2005,15919.046615039959,6397520.157881369
"USA",2005,2691544.210956301,813748728.4234421
"UZB",2005,21.185750156766787,5348.6694045169415
"VCT",2005,16.63506363129196,8979.974946592223
"VEN",2005,94967.00676625503,37112361.99520094
"VGB",2005,3.7274220785837935,1429.6415768873696
"VIR",2005,20.304609634196613,6903.543461483159
"VNM",2005,102211.1187817023,54631987.750808015
"VUT",2005,254.4832671235679,142595.69353895183
"XAD",2005,0.19043937476995448,42.47975246057962
"XCA",2005,6.989012790160451,300.83147186591316
"XKO",2005,313.8317034893747,137020.3676926024
"XNC",2005,3.6542440143622192,840.5726923801825
"ZAF",2005,104652.34636227356,58249419.96164731
"ZMB",2005,57518.16135385962,20163012.67074368
"ZWE",2005,11748.835153018947,3931125.9640964987
"ABW",2006,0.22548696056425532,41.78953685676274
"AFG",2006,152.08453592097587,42909.04962028565
"AGO",2006,76940.42602869698,22510099.925662484
"AIA",2006,1.31715659843634,243.73961958264616
"ALA",2006,100.14456159280603,23307.187867171382
"ALB",2006,962.7062924139872,397925.30750699627
"AND",2006,6.624548271169509,2691.4094704949594
"ARG",2006,316447.2283856823,71325564.2228334
"ARM",2006,129.74906665075486,40143.97365872399
"ATG",2006,61.15211599685599,18335.553143769263
"AUS",2006,186303.9393644852,44610258.7893456
"AUT",2006,12583.533393478056,6026788.32057006
"AZE",2006,525.201462694393,145935.7360392349
"BDI",2006,343.56762572613263,117454.03152828652
"BEL",2006,6916.084248770067,3461916.973078826
"BEN",2006,1794.80449798094,537422.8557412253
"BES",2006,6.900502288660528,74.81733169515513
"BFA",2006,4.757071364577611,1174.1007460879878
"BGD",2006,6862.821262972946,3449845.526645464
"BGR",2006,5171.12384083424,1770056.9030995318
"BHS",2006,1015.7739443602956,221858.02771455105
"BIH",2006,535.9688347970034,233913.9635290829
"BLR",2006,42269.35271373389,13150796.93127307
"BLZ",2006,4269.440492778411,1900722.3304627554
"BMU",2006,0.06530198176757442,24.88532616372952
"BOL",2006,216314.8215292035,98494198.14944828
"BRA",2006,2876804.746967212,1460418720.0421472
"BRB",2006,4.122334598451394,1215.1615853948656
"BRN",2006,1013.5144252337644,696249.9910059287
"BTN",2006,622.8728830841218,391374.1745359834
"BWA",2006,40.10784403642165,6642.712651688991
"CAF",2006,57883.2209281447,21987316.348774895
"CAN",2006,2406190.7363021187,432067244.8261362
"CHE",2006,2048.850495925515,1052586.3353460436
"CHL",2006,91923.23939026735,31519772.998030867
"CHN",2006,575232.8870382103,227634125.65670967
"CIV",2006,97780.65199480724,39887683.55364625
"CMR",2006,35986.04110763817,18825284.67451737
"COD",2006,453170.61281197355,261333577.30912364
"COG",2006,22153.938101494867,12470919.382967796
"COL",2006,189963.60168666218,98097983.24874553
"COM",2006,12.963659929736135,7497.545849890559
"CPV",2006,6.024247133513697,0.0
"CRI",2006,10059.474962600736,5075045.751702492
"CUB",2006,12305.087822119165,4209437.366928628
"CUW",2006,3.4606813635338955,707.1841035240318
"CYM",2006,17.959420127743844,4585.410150015012
"CYP",2006,58.60322573993819,14542.964902919264
"CZE",2006,8606.687254423101,3769539.510964382
"DEU",2006,42652.88486882002,20105530.613277737
"DMA",2006,25.38270162411786,14196.032068119577
"DNK",2006,5213.70671898548,1491311.0232583736
"DOM",2006,13413.915399729465,5214043.2339359205
"DZA",2006,5415.394073528538,1510295.7126974405
"ECU",2006,35602.59677240263,20350571.53674721
"EGY",2006,38.125910386740834,8313.915098295409
"ESP",2006,72719.07732340886,21640596.694462623
"EST",2006,21731.766073147683,5351747.224932326
"ETH",2006,12075.938863442787,5402588.078777053
"FIN",2006,182294.82184662562,35696167.50983145
"FJI",2006,1874.4188059061382,1028908.4111618887
"FRA",2006,55049.47436143538,23602618.37933956
"GAB",2006,19300.761556738627,10783167.864630267
"GBR",2006,21053.47790472268,7903119.546856523
"GEO",2006,531.3530525681833,196525.40604294368
"GGY",2006,0.15125231431856778,34.320677638640745
"GHA",2006,27136.10602604005,11571772.776196677
"GIN",2006,15305.724126266183,5691762.873910064
"GLP",2006,62.26845623010635,24864.399658082006
"GMB",2006,6.294415373331295,1439.1592202031009
"GNB",2006,2018.273630476075,688473.6552565269
"GNQ",2006,1255.6155388671111,777412.0977062939
"GRC",2006,7345.970169765664,1491853.244418158
"GRD",2006,31.53202039362393,17127.253677804452
"GTM",2006,52558.403563793145,22826217.786378406
"GUF",2006,2534.9706897250976,1945267.6380165003
"GUY",2006,5933.770238008636,3844411.6587785254
"HKG",2006,20.818472351692375,5807.948757278319
"HND",2006,41630.86208799509,18660412.108026072
"HRV",2006,2204.1989065142707,907802.9581441131
"HTI",2006,1162.839785570251,446786.7670587767
"HUN",2006,7989.934710272464,2941422.569351145
"IDN",2006,1433150.2341909194,987964930.031408
"IMN",2006,26.244475032781544,8965.233528547009
"IND",2006,67410.50808351506,32392349.04454527
"IRL",2006,5248.2754624875215,2365566.7542420537
"IRN",2006,140.78885076480594,33377.557598462336
"IRQ",2006,6.240043597951371,1488.6141994451978
"ISR",2006,132.22768038065684,28213.583572553114
"ITA",2006,8901.865352197354,2406498.1940593063
"JAM",2006,2797.683667678514,1352809.1762784345
"JEY",2006,0.20268790583549195,59.94858671817597
"JOR",2006,0.7835791415624555,157.81076779332173
"JPN",2006,38974.4538281542,16329708.515871916
"KAZ",2006,3142.037633788397,802319.1255656639
"KEN",2006,20656.438782932328,9626609.433141328
"KGZ",2006,110.58315986918001,30273.607237743272
"KHM",2006,80507.195401132,44347872.88019138
"KNA",2006,20.454445301420602,9174.922840671195
"KOR",2006,10148.495214439754,2941501.016097519
"LAO",2006,122677.8798835471,65104190.595119916
"LBN",2006,148.81790494826149,35879.21842595845
"LBR",2006,36221.24298092208,17080416.243971635
"LBY",2006,16.3024655117947,3363.9764114805575
"LCA",2006,98.11695233858374,51596.268953234365
"LIE",2006,11.598105367983642,5399.010616201844
"LKA",2006,7730.473436409555,2996468.3774773935
"LSO",2006,2.425620265566652,741.5329722797078
"LTU",2006,17449.726870591916,5119643.130751149
"LUX",2006,365.98880422126626,188450.46858241525
"LVA",2006,38893.50325350294,11011965.369412532
"MAC",2006,3.4983249402915932,4.335896958459909
"MAF",2006,2.636319610878756,821.9450537410577
"MAR",2006,2221.7769195621518,623567.075447206
"MDA",2006,173.20152099805685,48397.89324909805
"MDG",2006,71034.0376564263,28242818.205655567
"MDV",2006,3.906378081323663,140.55564313740163
"MEX",2006,179043.66593585876,61151855.52928139
"MKD",2006,2042.1325967877722,774433.6633120546
"MLI",2006,103.70893658620267,30383.50433555052
"MLT",2006,0.6258853129904515,152.97803291625758
"MMR",2006,127464.14150155956,65990989.2436867
"MNE",2006,175.5461739541369,67995.49001382392
"MNG",2006,13249.214446073694,2941219.149124627
"MOZ",2006,172223.89748935928,59817849.79036585
"MSR",2006,12.612604582229165,6759.041900782516
"MTQ",2006,91.17823278162275,43229.99582487515
"MUS",2006,142.4874223273924,64050.96935796778
"MWI",2006,5563.048996397819,2238181.677744315
"MYS",2006,333901.3949392408,203920541.67970946
"MYT",2006,41.58675273683351,20455.837743122043
"NAM",2006,17.040996719004077,3710.8189910172364
"NCL",2006,2134.53256070194,902774.0182802901
"NGA",2006,26167.55795023894,9913994.961075455
"NIC",2006,38875.45820383862,19875663.182084095
"NLD",2006,1482.3472809041546,581647.4900846928
"NOR",2006,40648.51285867199,9107372.396212747
"NPL",2006,3255.0100289311013,1867941.455188441
"NZL",2006,61671.65710718075,29791839.357771248
"PAK",2006,1345.3201096628732,499530.87707834324
"PAN",2006,34322.71157289783,17525097.040207192
"PER",2006,88915.88443692605,55719202.045729734
"PHL",2006,57428.52504839535,33273799.304359008
"PLW",2006,34.867139689161064,26755.528943825775
"PNG",2006,56388.40530135738,40971160.21239012
"POL",2006,37680.33709414054,12408705.590553131
"PRI",2006,1242.998386447347,585166.0761875936
"PRK",2006,12580.251427104366,3728310.0143909687
"PRT",2006,42566.30062330995,10494182.08894034
"PRY",2006,148256.3610051315,34218507.80217711
"PSE",2006,0.7234155284016888,160.28080527592653
"REU",2006,628.8964876422153,331145.77659171465
"ROU",2006,13066.519230667529,5689015.202965653
"RUS",2006,2233413.314539186,484153951.0012453
"RWA",2006,745.5328997464496,321936.4395225905
"SDN",2006,4.1506645137647995,739.6778657472832
"SEN",2006,41.2482558462435,11619.412515224252
"SGP",2006,56.068065041953965,22940.725354241946
"SLB",2006,5068.419639967125,3838835.841078035
"SLE",2006,28525.9283956541,12073520.011627875
"SLV",2006,4604.314794615932,1767637.2839217149
"SOM",2006,118.51669685403212,23100.32847300894
"SRB",2006,1891.2230492949225,807802.600071794
"SSD",2006,8963.298123116354,2181835.2002874715
"SUR",2006,3404.350215513903,2406231.5660933405
"SVK",2006,8022.8669106370935,3560935.014737039
"SVN",2006,1246.118948322453,570503.7867958165
"SWE",2006,249101.8110304297,52910681.81446647
"SWZ",2006,9431.399995474232,5105862.953509831
"SXM",2006,2.270716445733378,499.4006880034192
"SYC",2006,0.15181821660263894,0.0
"SYR",2006,280.75155734043625,64295.26367353019
"TCA",2006,4.577945866062522,885.9921431637138
"TCD",2006,2981.8970090695007,801132.6558204915
"TGO",2006,1687.8064304325403,528333.8629069048
"THA",2006,99820.57963343899,50383243.43410459
"TJK",2006,19.43307663705969,5651.325313465085
"TKM",2006,13.629152826360578,3427.280420508599
"TLS",2006,2929.0921986487992,1642553.1296407771
"TTO",2006,1755.8252358748348,809189.3903706346
"TUN",2006,353.73525164663675,96983.03493558234
"TUR",2006,25884.823812203536,5982614.487579953
"TWN",2006,2076.7225022637585,1054395.3137673466
"TZA",2006,85295.844193669,26090596.935164697
"UGA",2006,28448.19802560299,11890849.171053808
"UKR",2006,42130.1087295951,14437497.362805696
"UMI",2006,0.07309477526366773,0.0
"URY",2006,21029.279398566534,9625742.256780842
"USA",2006,2605855.554393669,828979094.2553447
"UZB",2006,53.079675285449824,13369.427862403247
"VCT",2006,10.494106763332454,5502.336455360002
"VEN",2006,85490.75853768188,33395765.652368102
"VGB",2006,2.777119088920198,986.3369397867275
"VIR",2006,73.80593740275806,28346.48172716015
"VNM",2006,78777.19252676809,43684834.34978865
"VUT",2006,219.12138676990892,122076.00410760561
"XAD",2006,2.097757331486426,515.9952693782227
"XCA",2006,8.97092192889351,801.5595732498537
"XKO",2006,519.9870444799375,240407.86988009053
"XNC",2006,15.893871244436172,3988.20944878922
"ZAF",2006,104943.27066732186,58329732.84983468
"ZMB",2006,40500.90119540355,14156861.012504764
"ZWE",2006,14883.276794202828,5628413.653887798
"AFG",2007,252.84166203678524,71755.04713748104
"AGO",2007,145286.71261893096,47800894.017781496
"AIA",2007,8.635548870159013,1665.8503295027087
"ALA",2007,247.9460723476619,58803.86953756629
"ALB",2007,5225.026688463702,1489566.3373206395
"AND",2007,2.16905929218111,989.7011917046119
"ARG",2007,425345.2677640191,84789955.5718759
"ARM",2007,54.536415663550564,16982.255415784068
"ATG",2007,37.15782874047309,10416.72482166978
"AUS",2007,372716.784111268,77007327.57577035
"AUT",2007,31669.689927648644,15359863.842412617
"AZE",2007,507.5572252652466,137588.2867469825
"BDI",2007,1861.6868708822467,667914.667159394
"BEL",2007,5985.142534027754,3047218.333201014
"BEN",2007,4659.69906216463,1530587.8656192168
"BES",2007,0.6609167143967577,108.98894483990321
"BFA",2007,2.8680846058642873,762.0071030303859
"BGD",2007,3995.1026237473784,1961961.7971901032
"BGR",2007,9557.281924950435,3273236.594656579
"BHS",2007,604.8076716038398,158963.7010281422
"BIH",2007,2681.522458506281,759222.725553448
"BLR",2007,32656.750225817104,10392880.685558135
"BLZ",2007,12263.529525485214,5631321.202115682
"BOL",2007,189952.92014924507,91331602.561779
"BRA",2007,2621820.1779264775,1280186889.3580444
"BRB",2007,31.628237100954273,10897.535540764151
"BRN",2007,1564.83281504791,1012152.8015100223
"BTN",2007,508.2207290570409,307476.1293633711
"BWA",2007,33.55963859119465,5734.3881799450155
"CAF",2007,37308.156259856056,17749348.131598093
"CAN",2007,2117900.1703135893,420571496.9001749
"CHE",2007,1852.2483516537216,954332.0772877331
"CHL",2007,121652.32886081596,41435083.77791507
"CHN",2007,652978.7122012959,287005601.0696383
"CIV",2007,90864.76358264295,37299642.38786438
"CMR",2007,45916.052305727586,24595183.519422267
"COD",2007,462903.28761136724,266037879.61693707
"COG",2007,29764.687952001015,15958138.626953632
"COL",2007,269029.2863728781,145010871.47627026
"COM",2007,77.72839324687556,39299.39655696647
"CPV",2007,0.5917711814620975,0.0
"CRI",2007,11447.873291167984,5746283.474932742
"CUB",2007,7873.760798355876,2526605.5794549966
"CUW",2007,4.212890180067078,871.6599444529018
"CYM",2007,17.864127307181306,4371.862374600194
"CYP",2007,778.2392783807514,220368.37351865618
"CZE",2007,21325.09484392284,9703701.668050935
"DEU",2007,93223.62502261647,46389110.74292498
"DMA",2007,40.300001409150454,22469.507260106868
"DNK",2007,4381.407303645588,1292181.237326282
"DOM",2007,16059.06185619367,6435889.656064854
"DZA",2007,5201.556583046162,1481715.1540753078
"ECU",2007,60539.50436843042,33537675.352725804
"EGY",2007,78.27013988805165,17883.646739074255
"ESP",2007,60256.316847680915,20244457.044897582
"EST",2007,16188.595067142756,4168481.31229098
"ETH",2007,25608.573113279563,12058256.923172867
"FIN",2007,151914.87790835922,31391243.457419958
"FJI",2007,2148.46709783821,1145841.0703274398
"FRA",2007,49246.17317441949,21991639.424724605
"GAB",2007,16501.475747938217,9853629.773124354
"GBR",2007,31222.41959495226,11854995.402410842
"GEO",2007,992.4460000764213,348459.1241433947
"GHA",2007,40172.370559440555,17582127.78709735
"GIN",2007,33821.27135082481,13271145.44920239
"GLP",2007,158.30311890443534,63753.6016663209
"GMB",2007,49.60546797642211,10927.451385484424
"GNB",2007,6044.0276212878025,2086669.7854381069
"GNQ",2007,3141.527251525179,1828792.0774273996
"GRC",2007,46061.55695983623,6533112.502760911
"GRD",2007,67.81289337321766,37985.536707140476
"GTM",2007,126556.72461972466,55328683.47599102
"GUF",2007,3328.108834443464,2505046.2387915044
"GUY",2007,5249.632060422031,3398918.3509694394
"HKG",2007,29.58773663783571,4825.463958008158
"HND",2007,42412.38495594681,19045157.897370156
"HRV",2007,3237.112404460169,1273543.2030313301
"HTI",2007,2077.2116764818443,788819.8944449115
"HUN",2007,9361.0712771433,3452145.7883082535
"IDN",2007,1387625.2924869293,1015910692.4694681
"IMN",2007,30.388384622583775,10062.378691726866
"IND",2007,73906.51985678372,35719103.29388555
"IRL",2007,11681.901580887692,5062143.4362966195
"IRN",2007,131.0592763223815,31063.514185580618
"IRQ",2007,10.328544856582813,2525.5098336575506
"ISR",2007,47.960470124083564,10788.070881490094
"ITA",2007,11590.05571396167,3255886.3545085406
"JAM",2007,1269.915259299444,617673.1056645202
"JOR",2007,0.39192569674476946,81.96075890285233
"JPN",2007,45585.77815929605,19555640.644719403
"KAZ",2007,4605.437639402696,1178369.1328364378
"KEN",2007,26102.96008148222,12804244.576107081
"KGZ",2007,107.42933346305921,29165.51940399691
"KHM",2007,77676.05563455985,42550792.49526597
"KNA",2007,12.286894849103305,5675.090087610066
"KOR",2007,8096.166334529269,2441113.0607479997
"LAO",2007,132995.12583232747,70790933.25416987
"LBN",2007,273.03032151792866,61890.23583079846
"LBR",2007,44282.08227645053,21555199.309337933
"LBY",2007,4.2909152981513525,879.6362978827045
"LCA",2007,48.5756960016851,25484.89571795257
"LIE",2007,8.433932016611724,4734.545768409885
"LKA",2007,10241.81995895122,3520286.944920637
"LSO",2007,3.0186905767535674,796.4084993480803
"LTU",2007,16036.749411474662,4888809.727763121
"LUX",2007,502.23257465581537,265466.7934379195
"LVA",2007,36128.7537042504,10518711.314006483
"MAC",2007,4.426782339760121,10.70487230531345
"MAF",2007,2.7095450124542735,747.6639142747397
"MAR",2007,2513.070495378278,692326.8633315397
"MDA",2007,236.26282216589536,64199.88983562349
"MDG",2007,188580.0888970354,88489286.40553185
"MDV",2007,6.193467600241499,207.3799284769155
"MEX",2007,218600.75424724634,78494752.77431123
"MKD",2007,3862.343733109411,1107886.980998727
"MLI",2007,125.08522385792439,37163.7640247753
"MLT",2007,0.8138376445312927,211.55792889705023
"MMR",2007,146598.3182990733,77564110.43498403
"MNE",2007,1051.424388988458,344318.5365613626
"MNG",2007,48081.704574620344,7921642.020812806
"MOZ",2007,138492.60656506164,46086373.65949984
"MSR",2007,10.473866028638799,5372.798058714823
"MTQ",2007,155.6751430432957,79719.49869904428
"MUS",2007,131.71048106386382,61117.98087768645
"MWI",2007,7494.461041830399,2862262.1734465905
"MYS",2007,405158.5125241258,264862084.9316372
"MYT",2007,20.04483602259291,10466.173237664681
"NAM",2007,80.07489581564859,12461.726644950832
"NCL",2007,975.1134733066772,400341.98197496653
"NER",2007,0.07517093560003912,6.657034641646177
"NGA",2007,24572.53018412558,9872877.908055184
"NIC",2007,88499.91150330078,47184989.372220606
"NLD",2007,1646.0940346673365,668806.6447297593
"NOR",2007,31841.161950339494,7188252.922488545
"NPL",2007,3465.5022691380955,2024689.2881631833
"NZL",2007,62642.62340537096,30256493.526287146
"PAK",2007,1123.463104210465,396757.1683854689
"PAN",2007,20644.52749151635,10633102.762629183
"PER",2007,115742.77874036552,73466241.04168203
"PHL",2007,66498.02542142749,38524923.72374829
"PLW",2007,90.6373688196482,67870.616727141
"PNG",2007,49173.003459221894,36503969.88595379
"POL",2007,57310.99658261954,19877031.5001322
"PRI",2007,1037.4510563821048,480434.2865680862
"PRK",2007,13289.301162021633,3953777.400838103
"PRT",2007,36321.938748197215,11397996.196135188
"PRY",2007,426216.13022158155,97144995.72874759
"PSE",2007,1.179882171386875,258.39582867675665
"ROU",2007,38081.92609849052,16530470.06756683
"RUS",2007,2338922.4658222473,497004075.31710637
"RWA",2007,1429.9767246848542,620872.4737324236
"SDN",2007,184.92078492588578,46983.422768384764
"SEN",2007,172.32132610700342,47730.55464591245
"SGP",2007,74.44906843085472,25936.697626947753
"SLB",2007,5665.313380356841,4352298.088840122
"SLE",2007,21878.47752794355,9657006.957638098
"SLV",2007,2984.1589480328967,1211594.2987978833
"SMR",2007,0.9479525586958193,193.82679818386495
"SOM",2007,270.58776249334414,49578.61477329723
"SPM",2007,0.10590869027778681,0.0
"SRB",2007,2254.0564650108104,911968.5707505909
"SSD",2007,9523.609931015972,2534894.4549919567
"SUR",2007,3625.827877904558,2593367.1552623683
"SVK",2007,9485.82304525844,4421013.380090154
"SVN",2007,2106.6584842578773,954385.6421457098
"SWE",2007,182847.7328161788,40193493.905622944
"SWZ",2007,6469.371087471752,3411849.1277428907
"SXM",2007,5.4203952781333715,1190.3277282058764
"SYR",2007,1577.2368823085126,516147.4278430466
"TCA",2007,73.54047559600204,14583.954969561606
"TCD",2007,1001.0773712077684,269406.2679227369
"TGO",2007,3187.393567986274,1123879.701730386
"THA",2007,92628.55864115474,47013813.3499507
"TJK",2007,14.039993399713554,3852.169998326984
"TKM",2007,37.807688050478035,9437.360256061684
"TLS",2007,1555.901780662769,853210.2616964632
"TTO",2007,1108.5866123166222,559176.1921740891
"TUN",2007,878.480331186378,252100.32977495075
"TUR",2007,25344.146204375695,6212956.1592568485
"TWN",2007,1729.670143678216,851159.501367945
"TZA",2007,121685.21293915618,39272994.204350494
"UGA",2007,36627.18579275767,17041293.98703876
"UKR",2007,64266.43965348586,24583480.98000307
"URY",2007,21529.699417561544,11082750.149065088
"USA",2007,2435127.979680821,864809704.1811271
"UZB",2007,43.113891294196875,11068.185921386394
"VCT",2007,23.15694366338629,12788.433436562775
"VEN",2007,114346.97972348821,48054365.52696092
"VGB",2007,6.138666342022241,2315.6753831350306
"VIR",2007,25.063517927842234,9939.297836367576
"VNM",2007,80225.30123362961,45632920.11959807
"VUT",2007,111.89819487171253,62720.28546576668
"XAD",2007,3.367707529288002,871.1873041625356
"XCA",2007,17.06551943865416,771.9502380436267
"XKO",2007,811.0238212452116,287712.33507821657
"XNC",2007,12.677765846473577,3162.594936664038
"ZAF",2007,47105.15703607693,23926814.597101007
"ZMB",2007,53654.0799710031,18160654.2796448
"ZWE",2007,9299.785557422245,3209587.831075854
"AFG",2008,107.40624824205051,30988.089272832913
"AGO",2008,103582.03635346261,31111861.59676152
"AIA",2008,10.390651274954921,2148.412128787096
"ALA",2008,1291.9479553345695,320292.1265037054
"ALB",2008,5471.318403878159,1772382.6688009987
"AND",2008,5.247863487197001,2696.305748710643
"ARG",2008,592753.2271983781,129455569.70180373
"ARM",2008,113.0315331392173,31158.875429210748
"ATG",2008,45.69564378293922,14293.481766823892
"AUS",2008,205724.85403022805,48975730.659550406
"AUT",2008,26895.743190159526,13346972.156751188
"AZE",2008,472.3169241489817,129445.35828873515
"BDI",2008,1999.4453327100887,683303.5172644145
"BEL",2008,7213.544885716298,3661795.0117845717
"BEN",2008,481.55173986332403,165314.71431823212
"BES",2008,0.5909215571115956,65.53934603443734
"BFA",2008,4.757499021891022,1228.942915377526
"BGD",2008,4480.089872620347,2170417.9555770047
"BGR",2008,6448.134766978332,2235116.611046624
"BHS",2008,1949.2357614728064,584314.261266668
"BIH",2008,1551.7883182144158,596122.8814860575
"BLM",2008,0.1466102862532469,42.30865720995686
"BLR",2008,35896.48190318955,11690067.335838346
"BLZ",2008,8216.094729873794,3681993.7921902114
"BMU",2008,0.19589676768119546,70.71047534687932
"BOL",2008,369850.56059081963,155287068.759243
"BRA",2008,2444308.038316915,1243626807.9305964
"BRB",2008,13.716726590229838,4909.407170776364
"BRN",2008,1299.9505503719474,977458.8783699644
"BTN",2008,775.3336951217174,459381.8778780137
"BWA",2008,26.063255855741755,4530.429709967177
"CAF",2008,31859.752340707746,13358592.073610242
"CAN",2008,1949007.7574981726,358808810.09431905
"CHE",2008,2419.268640174391,1250332.4800899874
"CHL",2008,123068.31339763831,44586554.35729569
"CHN",2008,738031.2918890549,322008196.1885913
"CIV",2008,127554.83313428678,54772328.03027776
"CMR",2008,35141.5992778096,19135487.87095794
"COD",2008,404830.72935062007,231464284.01264268
"COG",2008,17374.335808033265,8897610.621282933
"COL",2008,231849.49965961906,127449035.29106534
"COM",2008,34.9535987759822,17980.926244835104
"CPV",2008,0.148145368279614,0.0
"CRI",2008,21875.040798153637,10797051.984483004
"CUB",2008,17083.735766594953,6272441.659223083
"CUW",2008,5.492518068149113,1132.8540897478981
"CYM",2008,32.3461867793498,8830.336490448635
"CYP",2008,94.79670437985011,24861.200639582017
"CZE",2008,16872.510010702656,7766947.266352761
"DEU",2008,61696.171085770395,30613265.037928145
"DMA",2008,93.37368369676027,51470.0459896671
"DNK",2008,6060.808106281761,1829047.4168956832
"DOM",2008,21612.208224849226,8954232.057580292
"DZA",2008,7972.336959549,2319964.053298114
"ECU",2008,51890.07404954916,31585048.777914375
"EGY",2008,81.4668298390219,17917.074999729644
"ESP",2008,44287.97422399814,16614659.549302587
"EST",2008,18296.511605811567,4932875.185124604
"ETH",2008,24008.628005870367,10323556.551165575
"FIN",2008,200192.10704801782,40922084.75860668
"FJI",2008,2387.2571105998936,1252385.079377448
"FRA",2008,86955.39992540002,40804981.377536386
"GAB",2008,17367.16598726389,10262838.653057989
"GBR",2008,12505.129785906154,5168954.155798862
"GEO",2008,745.617969513912,267261.20873615524
"GGY",2008,0.25204467519529816,92.65994826949104
"GHA",2008,37848.66471319249,16558445.080140606
"GIN",2008,21481.36187448602,8073912.195466254
"GLP",2008,134.85936135624323,55311.09971654016
"GMB",2008,297.2128361779695,69109.47874762985
"GNB",2008,3248.3617539586007,1153548.3454759324
"GNQ",2008,4821.675873773684,2987292.284236574
"GRC",2008,21197.207681260632,3936067.51591873
"GRD",2008,64.18114656383032,36365.77158767479
"GTM",2008,77172.95991448396,35172188.43575572
"GUF",2008,5223.395382079145,3948732.0699222265
"GUY",2008,9460.22006147198,6298548.147535659
"HKG",2008,26.516980519427168,10526.74394899817
"HND",2008,43299.049545305556,19448235.55668681
"HRV",2008,3890.747254563085,1538679.5522115524
"HTI",2008,2191.548927212979,820786.5254852885
"HUN",2008,8911.602985317319,3290040.871948005
"IDN",2008,1396251.2897924066,981893726.272176
"IND",2008,85952.75573004286,41621564.43978404
"IRL",2008,6923.786207439504,3166197.4376177727
"IRN",2008,374.2013381216738,90313.05859424752
"IRQ",2008,17.802913353759966,4445.015696645546
"ISR",2008,65.0559230837846,15406.250144580179
"ITA",2008,15153.615128632728,4205918.961863715
"JAM",2008,2026.9209482463134,1044630.6860980605
"JEY",2008,2.0760335214777466,658.2035098207834
"JPN",2008,40839.31510116958,17628864.742267177
"KAZ",2008,4548.577746347759,1006076.8460795402
"KEN",2008,19224.208692531138,8593100.697064878
"KGZ",2008,106.68695432014236,30752.55343213671
"KHM",2008,83499.46632320595,49210771.928115375
"KNA",2008,22.80816580665259,10424.63575778202
"KOR",2008,14022.031905620519,4292323.215610374
"LAO",2008,80591.86619556836,42175805.90110145
"LBN",2008,393.79677018279995,108702.02207288679
"LBR",2008,36172.38478847469,17732431.708108835
"LBY",2008,5.719577115053287,1175.8256504047556
"LCA",2008,56.11256767195757,29623.072355724104
"LIE",2008,8.85167378473266,5141.484753620207
"LKA",2008,6499.718686465447,2580940.7568435622
"LSO",2008,5.786412847603058,1478.7040199679607
"LTU",2008,15203.365864173365,4728438.768510765
"LUX",2008,983.5287602804452,530020.0922722847
"LVA",2008,29308.31170330564,8708945.515188785
"MAC",2008,3.6411857619376744,0.0
"MAF",2008,2.9293280648989226,690.4618836315843
"MAR",2008,3409.4659973600465,972222.8075295575
"MDA",2008,135.10531073272534,39160.335362709586
"MDG",2008,123502.26731842152,55750510.54277762
"MDV",2008,6.652925153589889,86.76954855937545
"MEX",2008,184377.24756430162,66258913.83065355
"MKD",2008,3960.2872526198657,1362571.9581548125
"MLI",2008,105.64487599686291,32337.561022548693
"MLT",2008,0.9392073522677418,223.64452343721115
"MMR",2008,119216.27818790423,63212150.859724544
"MNE",2008,1429.1903713152149,618993.0087849381
"MNG",2008,56001.458583624306,10111546.134169675
"MOZ",2008,204759.70379035082,68328785.39536425
"MSR",2008,6.5639110495973085,3428.3798272037516
"MTQ",2008,278.1229153514598,138540.81758983474
"MUS",2008,188.6357347413212,90425.27521624386
"MWI",2008,9724.433224427106,3645965.915979583
"MYS",2008,367972.3268524319,241558305.15765443
"MYT",2008,42.79123389550195,22028.39599659524
"NAM",2008,33.508851910754814,6056.883329136266
"NCL",2008,521.7802026403624,222813.14841471758
"NGA",2008,27470.658736120655,11631519.426936133
"NIC",2008,53814.34588212673,27557375.83202126
"NLD",2008,1150.7522817345698,475106.27737159276
"NOR",2008,33815.40052067558,7831320.19599777
"NPL",2008,2991.812973310445,1740083.7997998153
"NZL",2008,61372.24404157953,31691576.674354147
"OMN",2008,0.06923745698133286,13.861552085276653
"PAK",2008,1054.1725226218682,407608.58378400595
"PAN",2008,39945.21457636348,21229852.174014453
"PER",2008,126614.39186230584,84336759.37464038
"PHL",2008,38702.70455170653,22863451.365872443
"PLW",2008,64.5448536453243,50963.302693853504
"PNG",2008,71045.21116784071,52597189.29099298
"POL",2008,47941.06021834028,17074288.115029886
"PRI",2008,1215.5051619102085,596119.2085420389
"PRK",2008,18782.93788482318,5744414.172804619
"PRT",2008,33614.95662346311,11576615.63660792
"PRY",2008,376342.82950815605,80386605.4036718
"PSE",2008,2.5462645572715545,594.7822893756334
"REU",2008,15.100356275447355,6823.962377784022
"ROU",2008,17535.364043661502,7982435.637878096
"RUS",2008,3047988.0779033396,549260691.8425426
"RWA",2008,1100.6305953087326,543549.4397876334
"SDN",2008,55.47708850872845,14299.531031021934
"SEN",2008,285.2699201995773,79741.39006957904
"SGP",2008,35.45650921460615,13064.65848702287
"SLB",2008,8171.095973645533,6249858.558236228
"SLE",2008,20924.709276036174,9395645.763736157
"SLV",2008,3324.5869904769393,1362969.2720303598
"SMR",2008,0.3903732103515404,86.12871262948549
"SOM",2008,250.20504744422516,47267.86032065103
"SRB",2008,3260.2216147744534,1341758.726974323
"SSD",2008,9009.289343350296,2300742.66416938
"SUR",2008,7510.653751258642,5534444.783916545
"SVK",2008,13466.113814849452,6322805.455122821
"SVN",2008,1856.8727201375366,918317.1534979473
"SWE",2008,293690.6351607524,66254147.3416135
"SWZ",2008,4582.25895186159,1731204.5956781562
"SXM",2008,1.6112539789061586,508.40211576438105
"SYR",2008,834.1577423962959,244008.45669735156
"TCA",2008,61.238414421579186,12612.809675991624
"TCD",2008,3402.1114847171975,904424.2723911256
"TGO",2008,1177.750818355295,411690.6053045523
"THA",2008,80143.31797919095,41127423.724460654
"TJK",2008,33.11413628321284,9209.442097723297
"TKM",2008,74.74021833401746,19129.55797764331
"TLS",2008,832.7291440269455,452499.1875345481
"TTO",2008,1269.898145366963,649521.8845538923
"TUN",2008,718.281967520983,203910.58319251455
"TUR",2008,28891.37387640539,6441315.476460923
"TWN",2008,2311.2675642852773,1158296.3003488309
"TZA",2008,164250.7328958328,52204966.84496795
"UGA",2008,36925.97897563594,16250162.616485322
"UKR",2008,53015.863344183104,19118163.209187835
"URY",2008,23597.19781860452,13222517.431369081
"USA",2008,2213723.5387477214,882857549.4392434
"UZB",2008,43.520427895577484,11174.515734604582
"VCT",2008,41.89964469275412,22257.488150228317
"VEN",2008,120575.16155323804,48450825.89754746
"VGB",2008,7.015289457546341,2590.736582992997
"VIR",2008,40.01919435113964,15508.060082701273
"VNM",2008,108285.7566940004,64169934.23966607
"VUT",2008,194.05888480505607,111047.7250101842
"XAD",2008,1.396773642400094,358.9573312626236
"XCA",2008,16.268166921970455,818.7670992144609
"XKO",2008,1143.161794001932,509336.0170971281
"XNC",2008,20.1839663409073,5263.914807818765
"ZAF",2008,81375.5653692898,43633226.53019335
"ZMB",2008,66180.22111929138,22283078.01146714
"ZWE",2008,5435.1308686154625,1715189.6018428116
"ABW",2009,0.3757978381651582,55.19332645367836
"AFG",2009,70.40549692405891,20855.914152148438
"AGO",2009,165947.650351214,52398675.97054256
"AIA",2009,1.9024675801626523,388.05508492480305
"ALA",2009,675.746188019233,170188.26225043117
"ALB",2009,1337.3402920288372,545780.6331900797
"AND",2009,2.8532996052021473,1248.492462887671
"ARG",2009,309857.9991504763,68577210.51529676
"ARM",2009,202.73351745194975,57718.41436548378
"ATG",2009,61.53009481930595,21558.67898001588
"AUS",2009,203711.09191865294,59485047.48866374
"AUT",2009,15887.114562213123,7724911.803180354
"AZE",2009,371.8340474513208,109422.8428030253
"BDI",2009,882.7760184516371,312982.6071244393
"BEL",2009,5176.362958542331,2686136.8630265747
"BEN",2009,4929.15882850814,1583115.3856566765
"BES",2009,0.9561443515571562,19.44308156626698
"BFA",2009,4.531714429047132,1207.0947790277778
"BGD",2009,5624.910510324008,2770689.1323646093
"BGR",2009,6099.640914398484,2295081.6839874145
"BHS",2009,823.9719624442906,216471.18412722848
"BIH",2009,1296.334774995643,553602.7574534335
"BLR",2009,35542.675146825466,11969864.47752584
"BLZ",2009,10264.12715824922,4525529.859378104
"BMU",2009,0.45706411255205737,170.3076717484161
"BOL",2009,225270.2915588584,96422356.09133758
"BRA",2009,1817901.232758732,941143962.1161518
"BRB",2009,13.264936279119858,4142.80551958912
"BRN",2009,2169.4739262027406,1484703.3964248965
"BTN",2009,1175.4593521779861,721220.6195086493
"BWA",2009,41.324631483597535,7409.823737728892
"CAF",2009,48252.9032214064,22591152.115825307
"CAN",2009,1550371.987281124,304249851.48570144
"CHE",2009,2274.4921636271224,1157845.9906952183
"CHL",2009,88566.57692422612,31351948.049621377
"CHN",2009,599603.2269262403,259179663.90126204
"CIV",2009,108875.81520437206,50530615.5104858
"CMR",2009,36072.011906618565,21640217.89590051
"COD",2009,635215.1915603693,379190255.6894742
"COG",2009,19073.006680600403,10002771.717944069
"COL",2009,237890.88265869944,125949340.76142447
"COM",2009,112.20632873130087,55414.36063340478
"CPV",2009,7.957187263638373,0.0
"CRI",2009,22464.55477026761,11697285.607802005
"CUB",2009,16259.900600557177,5385479.126966692
"CUW",2009,4.664949846631904,992.1908126696586
"CYM",2009,29.883315680690654,8434.42157135871
"CYP",2009,56.43821076915668,15469.735136791867
"CZE",2009,13514.294479603728,6368636.38428707
"DEU",2009,28761.543051770535,14149088.544198874
"DMA",2009,73.78040032251033,42494.58794871616
"DNK",2009,6645.678949661666,2041794.205573514
"DOM",2009,13966.842858208693,5674334.314993347
"DZA",2009,10467.27357176792,3130000.6907005105
"ECU",2009,57646.34959892455,33645733.64844572
"EGY",2009,59.568343750559,12712.676201511056
"ESP",2009,67544.77997557196,23908983.48997068
"EST",2009,18822.740665225454,5087473.635498498
"ETH",2009,29279.020306354265,12921121.755683474
"FIN",2009,176320.26073342105,34468066.72770184
"FJI",2009,1790.7398240853431,959993.4483835628
"FRA",2009,67053.5991759979,29018585.093051597
"GAB",2009,18252.221942313994,11514189.86791237
"GBR",2009,37709.69901232865,14184216.593356846
"GEO",2009,448.36638085804225,165227.13107974266
"GGY",2009,0.8061384397373674,261.1380044352549
"GHA",2009,38252.52538965874,17764234.059958372
"GIN",2009,23388.005168937594,9016002.72730717
"GLP",2009,118.32368389438012,49152.551751083105
"GMB",2009,8.991778086648178,2295.8804007411663
"GNB",2009,7963.973504427206,2779798.414371213
"GNQ",2009,5684.844643122293,3579726.207931701
"GRC",2009,6564.267250219911,1621324.318098039
"GRD",2009,93.76963414142419,55368.909104431004
"GTM",2009,86944.43167576133,40045979.56760441
"GUF",2009,2861.9539966814423,2194718.610468773
"GUY",2009,8267.026506205988,5336860.278217353
"HKG",2009,50.10995732034093,20673.323930222436
"HND",2009,51514.12910536657,25118756.02595203
"HRV",2009,2902.6397564576664,1200809.771017607
"HTI",2009,2464.6713153507635,986310.658672038
"HUN",2009,10072.467244429601,3786858.7369210855
"IDN",2009,1944963.1724519508,1335581407.0117607
"IMN",2009,47.11863735011322,15512.3630904624
"IND",2009,79202.84904166077,37555590.561355434
"IRL",2009,7230.72385082205,3366281.547370367
"IRN",2009,191.28761924304126,47923.621463373165
"IRQ",2009,15.796631992967583,3765.7585519380686
"ISR",2009,93.09575980332914,21994.907113193458
"ITA",2009,14792.700699756613,4446014.230390366
"JAM",2009,3538.2817772073654,1785023.5250044442
"JEY",2009,1.2654357022655531,491.4903520809123
"JPN",2009,40894.99085943568,17902947.314450555
"KAZ",2009,6432.647497599587,1796031.5961224413
"KEN",2009,17696.12608754611,7252507.508273757
"KGZ",2009,201.215992174623,62588.404858255075
"KHM",2009,121021.36580018737,68572405.98990445
"KNA",2009,33.76806495034583,14534.19060098892
"KOR",2009,16415.859903550045,5257369.905047986
"LAO",2009,145564.2092715377,77250071.50251496
"LBN",2009,340.4467987025749,94901.04573187379
"LBR",2009,75135.89503917069,37370293.83067252
"LBY",2009,5.523105195178945,1149.6356046081537
"LCA",2009,54.92288419989778,29022.53761865511
"LIE",2009,4.687999058082602,2554.214455617094
"LKA",2009,13974.770094292067,4608318.801946932
"LSO",2009,4.287702217460999,920.8348095258588
"LTU",2009,14407.629476529257,4553225.50213509
"LUX",2009,216.40010891340776,117122.50245949606
"LVA",2009,34916.223871417176,10791848.813825857
"MAC",2009,2.284762831481639,44.11947506139916
"MAF",2009,0.6590947475639816,231.38575912156637
"MAR",2009,1197.3975872862577,332817.73546898575
"MDA",2009,187.71226919108017,53873.31259872133
"MDG",2009,136536.77135405174,65026078.03004435
"MDV",2009,5.125170641158729,216.32738386653352
"MEX",2009,281232.44928305026,99932046.25571771
"MKD",2009,4300.738317429671,1688893.309940847
"MLI",2009,157.695209585653,47708.98891234962
"MLT",2009,1.5645045026887667,397.7662809691872
"MMR",2009,216305.77579596426,115653750.29277672
"MNE",2009,565.1699341781999,241031.74068914008
"MNG",2009,81792.55041295581,13180231.062707907
"MOZ",2009,217493.38964933838,73861193.02294402
"MSR",2009,4.867550671914965,2593.7081548905403
"MTQ",2009,199.24540572900975,102481.42847558949
"MUS",2009,241.85718060666161,111664.66111373832
"MWI",2009,4030.3879538870183,1452367.4603317908
"MYS",2009,622780.372142271,432199096.54175407
"MYT",2009,5.704664284545117,2795.196788321853
"NAM",2009,85.37597752821061,15646.34794821674
"NCL",2009,975.7904923235583,394687.0709644997
"NGA",2009,25289.817817304276,10712992.675105536
"NIC",2009,83097.23565619011,44290957.49056373
"NLD",2009,1559.085973292183,651541.4161667697
"NOR",2009,23316.519384402243,5475105.90984154
"NPL",2009,5524.069590760437,3060096.7326300596
"NZL",2009,59613.13351131353,32414364.35410677
"PAK",2009,920.7646922784083,325232.7318280502
"PAN",2009,36946.83688551917,19435902.082974322
"PER",2009,177914.32602027294,114836883.07685407
"PHL",2009,60889.62030792828,35325679.336809695
"PLW",2009,30.212982750690554,23707.07491829356
"PNG",2009,49210.43941119205,35593964.46770674
"POL",2009,46925.78426541395,16797177.789248146
"PRI",2009,952.6811918951695,477344.50594199955
"PRK",2009,13113.700312682131,4090655.365087917
"PRT",2009,39859.83057369409,13685039.862911165
"PRY",2009,353183.6792910525,73595377.9594665
"PSE",2009,1.2448302240016842,265.0241348103469
"REU",2009,187.18701707315878,97023.46132225702
"ROU",2009,16176.932826883844,7342380.7374541415
"RUS",2009,2111630.669643459,439179002.80896276
"RWA",2009,1381.9654571451706,705820.007207484
"SDN",2009,81.32070754360453,21215.02427739796
"SEN",2009,160.87326793602435,44136.43242706395
"SGP",2009,177.04731510021813,72616.73520514932
"SLB",2009,6034.538307223541,4452759.682644398
"SLE",2009,30546.3328324057,13784555.055307513
"SLV",2009,4283.706821387855,1802826.7530841625
"SMR",2009,0.11155956986110477,24.376610337567822
"SOM",2009,307.11474573678186,63610.814992493426
"SRB",2009,2506.968521485948,1135101.3755800412
"SSD",2009,8057.77947111045,2186710.5833394392
"SUR",2009,7362.475244471151,5310473.284676916
"SVK",2009,11236.962885008823,5225354.529908765
"SVN",2009,1951.3042367705934,1012087.1055013182
"SWE",2009,208234.78221200526,48689666.95705565
"SWZ",2009,10654.204837960022,3946734.9662786983
"SXM",2009,2.929710438230085,906.1128951745154
"SYC",2009,0.15181999224011725,21.955929803818552
"SYR",2009,130.90677743721355,34084.717031037704
"TCA",2009,105.59492121402344,21457.344327670562
"TCD",2009,1065.5230545500679,288471.4642665292
"TGO",2009,5579.9975417202295,1902372.893397559
"THA",2009,132690.26703202745,68953590.79920122
"TJK",2009,34.04102613618479,10004.969050640984
"TKM",2009,12.98584265088294,3256.7200155776736
"TLS",2009,2633.9640707019744,1456745.1482158229
"TTO",2009,1377.1559020990967,710024.6153799894
"TUN",2009,981.7533322697884,296304.6964042803
"TUR",2009,28108.253609555428,6768471.463042729
"TWN",2009,8161.887539066344,4522710.127971449
"TZA",2009,143354.4567641862,45485186.09728678
"UGA",2009,23293.00074969326,10162049.371026825
"UKR",2009,48322.46426949984,17650848.083464973
"UMI",2009,0.073094671705725,0.0
"URY",2009,19279.78332238179,11735783.665206222
"USA",2009,1608980.9631820212,634499515.4569157
"UZB",2009,96.40260708699878,24636.001107080185
"VCT",2009,29.89848461062886,16342.58621873147
"VEN",2009,142405.77063392813,57948965.93002218
"VGB",2009,5.188663247357592,2225.828158372545
"VIR",2009,86.32896580819141,32275.10048989253
"VNM",2009,137716.23297632905,85473171.8767822
"VUT",2009,1096.2669456268127,618581.7989843532
"XAD",2009,2.9867856050888064,885.0065864492027
"XCA",2009,7.276171760603198,243.41691708916377
"XKO",2009,777.0112118758858,387226.7662714717
"XNC",2009,21.131078695170135,5524.879080752531
"ZAF",2009,67278.372082787,39553830.63464555
"ZMB",2009,117826.66220947923,43907252.685720704
"ZWE",2009,19401.97112660511,6189937.889523268
"AFG",2010,87.72845280630357,24770.471641652744
"AGO",2010,159806.0912603252,52559227.82939855
"AIA",2010,0.43901786148543515,91.97525399600968
"ALA",2010,633.7402827639692,165897.99048959638
"ALB",2010,655.7933437852257,265102.01682486886
"AND",2010,1.0837221385809592,598.5049923632002
"ARG",2010,413230.8224071201,93372357.0184536
"ARM",2010,162.1726243260633,56180.67650364123
"ATF",2010,6.3340690890843865,0.0
"ATG",2010,19.136478011964943,6422.0710713905
"AUS",2010,290725.4987184528,49722787.82186293
"AUT",2010,16712.86378133662,7975788.104017799
"AZE",2010,549.6000884437875,161590.22533672603
"BDI",2010,1904.6646868302782,710016.941791612
"BEL",2010,10909.021265678022,5702575.069734433
"BEN",2010,529.2388362149654,175906.25092377258
"BES",2010,2.422487292759528,47.148663592956254
"BFA",2010,6.957261038633444,1835.907065973222
"BGD",2010,4667.802143009859,2296430.0831208783
"BGR",2010,3569.0897596505674,1415610.5084661518
"BHS",2010,400.6439927791437,104343.94228263917
"BIH",2010,910.6377056607158,435860.7954990172
"BLM",2010,0.29320283725041735,82.00199402939734
"BLR",2010,35754.09728810618,12318349.6967441
"BLZ",2010,9765.615118115584,4407553.270072928
"BMU",2010,0.91410748057829,291.1093796398917
"BOL",2010,451759.17434687924,206149259.28895152
"BRA",2010,2688896.1762660076,1385966798.7927566
"BRB",2010,17.461984492884838,5710.081195445159
"BRN",2010,966.9865200707192,694413.941733428
"BTN",2010,4353.62165379887,2584815.0497540627
"BWA",2010,30.499842323193175,6265.368266298481
"CAF",2010,48554.30071190279,23629015.772479683
"CAN",2010,2104876.4349343074,374392738.81572783
"CHE",2010,1737.9454622245,907213.2376952929
"CHL",2010,91495.54345699691,33981056.1884452
"CHN",2010,627825.8802399299,267556743.40402037
"CIV",2010,92491.857569759,42456754.44700121
"CMR",2010,57991.86698298469,31761020.69328129
"COD",2010,810712.3886813585,474273158.68258834
"COG",2010,44665.233404569706,25410825.743811004
"COL",2010,197067.42126457187,110214983.75487861
"COM",2010,92.29998245943055,48228.325040753174
"CPV",2010,0.8921664256906594,0.0
"CRI",2010,13145.267091085021,6830702.5702774
"CUB",2010,8608.089255237368,3092283.3158866824
"CUW",2010,1.7298512752342767,365.65965665289707
"CYM",2010,39.79336772253352,11391.573246840422
"CYP",2010,63.95480701522089,17222.36433749488
"CZE",2010,15441.635247404909,7354434.500107582
"DEU",2010,75677.99610789664,38914374.01953678
"DMA",2010,92.12036731059919,53243.16699652632
"DNK",2010,4427.72389703141,1416540.2791468666
"DOM",2010,14102.675787782418,5980439.628125672
"DZA",2010,2605.6238165064574,762486.2870685892
"ECU",2010,33772.34545157151,21698149.03022492
"EGY",2010,98.182305884794,22011.11051242602
"ESP",2010,56093.42215021844,21242898.076510333
"EST",2010,21496.378842197642,6063252.660503558
"ETH",2010,20184.156517803236,9233796.241453927
"FIN",2010,167507.27917205315,35508217.503305025
"FJI",2010,2346.764318166228,1307823.8040107996
"FRA",2010,143265.2096432949,62437836.69022074
"FSM",2010,76.66233752445751,54209.55472494311
"GAB",2010,10674.18385778194,6524941.014254232
"GBR",2010,28469.22589701844,11992729.200114794
"GEO",2010,818.5918273546536,299376.50623058865
"GGY",2010,0.1511740321484289,62.340487499120165
"GHA",2010,19500.003674398493,8800164.269164184
"GIN",2010,16045.589869529862,6106122.657651098
"GLP",2010,127.38589694608767,54666.09048055666
"GMB",2010,23.82726273592275,5095.436524319074
"GNB",2010,4900.406655505516,1788401.7359175263
"GNQ",2010,6592.942458960395,3944153.1309575057
"GRC",2010,7785.299020069077,1623507.6131648994
"GRD",2010,159.55607142821154,91890.29003727908
"GTM",2010,59668.373943725404,28067403.671691466
"GUF",2010,3205.6350883074733,2462159.1920776824
"GUY",2010,10098.88591153793,6567175.016459575
"HKG",2010,12.89914447489636,5402.356345183335
"HND",2010,46085.25513173529,22602147.23860125
"HRV",2010,3499.248261480736,1563497.3515532003
"HTI",2010,2084.361177095599,841048.791698151
"HUN",2010,11255.487859772527,4338379.673635709
"IDN",2010,1279331.9745508295,972887915.2868093
"IMN",2010,49.956396423599614,18030.097655612703
"IND",2010,51317.106318437036,24759362.952883914
"IRL",2010,3854.678751405167,1783331.184320893
"IRN",2010,195.79006760784435,48812.72691074938
"IRQ",2010,13.415441118876874,3404.4238570405237
"ISR",2010,89.07957604923196,21979.415260557296
"ITA",2010,15806.376823076052,4909878.094495964
"JAM",2010,2364.9480667506673,1200822.541346706
"JEY",2010,7.340422355249149,2993.753747054201
"JOR",2010,0.06530639208658483,12.124439209682425
"JPN",2010,35745.32472654049,16033417.215345005
"KAZ",2010,3108.9158563661113,1050606.1703577663
"KEN",2010,22693.01006182529,10740609.822839567
"KGZ",2010,260.97381578613346,84768.24369172561
"KHM",2010,237881.91334788932,135297610.71569818
"KNA",2010,18.538411909957354,8883.155148984186
"KOR",2010,14425.151523610468,4943979.234987921
"LAO",2010,167107.99975139054,89563881.35598151
"LBN",2010,115.18064020305434,31683.625098728848
"LBR",2010,20357.66583212659,10461287.97196247
"LBY",2010,9.41428543328191,1998.7626926893856
"LCA",2010,99.84201267664722,52471.78467015457
"LIE",2010,2.791921383349039,1621.4612900352479
"LKA",2010,7230.756198983185,2502593.5487524476
"LSO",2010,3.7727135400792244,1037.4505433081033
"LTU",2010,21666.890434322035,7022169.682186003
"LUX",2010,880.4352557213981,494887.2679041527
"LVA",2010,48507.109982461116,15314633.141952932
"MAC",2010,0.57116688867309,0.0
"MAF",2010,0.5126170151497105,200.55272409411128
"MAR",2010,988.0770669791414,279687.9402607964
"MDA",2010,176.7511390425951,52738.76768321482
"MDG",2010,107218.89158343202,49067474.30540066
"MDV",2010,3.1357261456614,108.03856506395857
"MEX",2010,166728.91348372924,63097747.49761931
"MKD",2010,2223.215055607476,914272.5448982721
"MLI",2010,53.890561488987274,16841.585791879974
"MLT",2010,0.6260022333332977,159.9921162006659
"MMR",2010,169913.27516867546,91908623.20640036
"MNE",2010,210.939333957418,94500.56638496189
"MNG",2010,8764.403872903762,1808288.3693451972
"MOZ",2010,194545.38567842747,69500878.19298844
"MSR",2010,109.30204099190522,61387.36690809022
"MTQ",2010,75.36671357432527,40131.58938703643
"MUS",2010,23.267468837083946,11489.717143891574
"MWI",2010,3981.9555430332525,1415090.9383215958
"MYS",2010,430607.47900891036,258052905.9353225
"MYT",2010,31.90512951203367,15571.52388784032
"NAM",2010,26.965566484868916,5762.170791421198
"NCL",2010,550.4216422365104,227024.28386708937
"NGA",2010,32782.06424321441,14846525.444558885
"NIC",2010,212519.58920537555,112271122.73394029
"NLD",2010,3403.3420560029003,1439424.6456032265
"NOR",2010,40128.91059696716,9685847.155900376
"NPL",2010,2347.69860064397,1337968.6137401757
"NZL",2010,56121.874276792514,31276231.553971604
"PAK",2010,720.2208582092733,262577.3734440517
"PAN",2010,15402.505934153758,8680305.00309156
"PER",2010,142324.14224610364,93132758.98661813
"PHL",2010,102649.43231558475,59144184.53809609
"PLW",2010,32.72961263830935,24616.300514475544
"PNG",2010,68761.27146652546,50922780.742890574
"POL",2010,71835.17455297761,26641926.167090837
"PRI",2010,595.2798261976305,311780.0327768033
"PRK",2010,19020.61973071704,6124457.6929993825
"PRT",2010,48401.152835918205,15929932.083411412
"PRY",2010,442300.4144012782,96645399.37024496
"PSE",2010,1.3106598117840023,330.25663793658293
"REU",2010,223.3669453421416,111494.72395688949
"ROU",2010,17781.764870924144,8285383.624923907
"RUS",2010,1859534.7285462818,450407082.7610514
"RWA",2010,2449.7684972516254,1159417.1185562995
"SDN",2010,41.83875764753926,11425.384751331476
"SEN",2010,153.82539324722637,42953.525297821594
"SGP",2010,43.992596866554635,17804.559356219874
"SLB",2010,6418.017872030859,4824213.739058517
"SLE",2010,8782.214514038045,3967657.2383457078
"SLV",2010,2873.0177174614932,1194965.1779185098
"SOM",2010,139.64642920485528,31396.782939180015
"SRB",2010,2461.86868524779,1115085.5547592405
"SSD",2010,3879.4104112947552,1214439.4718144187
"SUR",2010,7000.397415290405,5298795.802416342
"SVK",2010,17103.917573665985,8340911.022750679
"SVN",2010,1433.951353420471,730197.8275186874
"SWE",2010,263602.4247900713,61363397.216211356
"SWZ",2010,6660.33948273827,3324323.636689059
"SXM",2010,0.21973067132377225,73.85473756188965
"SYR",2010,240.53296655350692,74456.62799073067
"TCA",2010,38.41868880470911,8785.400009742345
"TCD",2010,254.6524738624449,70265.37357420356
"TGO",2010,514.1051343826525,198960.23558930188
"THA",2010,134984.30930408282,70942338.45681505
"TJK",2010,10.85788964822728,3392.1870675840737
"TKM",2010,8.87322163565125,2362.1849619625036
"TLS",2010,649.0107168769117,370316.91748344747
"TTO",2010,3406.8333910215106,1814649.3590564835
"TUN",2010,398.03971915724736,121987.81352454201
"TUR",2010,17007.965143321424,4563982.914760975
"TWN",2010,2459.821988962324,1313034.7074634638
"TZA",2010,138486.4105163369,47269938.87885173
"UGA",2010,34149.41893366006,17220730.131799173
"UKR",2010,52441.055151381275,20357376.325499438
"URY",2010,17826.268940732945,12357256.79173764
"USA",2010,2167662.1883133235,769836416.2461127
"UZB",2010,31.924242793478413,9938.246879490793
"VCT",2010,65.79194186817466,36573.699796522094
"VEN",2010,101285.58210302916,45774472.98891078
"VGB",2010,3.9462251163864934,1736.099449802899
"VIR",2010,21.344954114125223,7930.9109057244095
"VNM",2010,174256.193881768,105658430.4581905
"VUT",2010,307.6289116536785,175130.27320366452
"XAD",2010,0.1271133352864511,33.73074623930724
"XCA",2010,21.92282945257089,903.8326417992323
"XKO",2010,468.2772285893838,231975.13628470324
"XNC",2010,9.773423312371875,2697.1765890749525
"ZAF",2010,61758.75127048164,39378017.57319663
"ZMB",2010,173983.63229596269,67699618.35420884
"ZWE",2010,6635.298410116796,2185121.9072849867
"AFG",2011,112.95506217913295,35341.76786117498
"AGO",2011,182927.91545020897,56678414.55488734
"AIA",2011,1.0245627840591864,203.24532866177975
"ALA",2011,465.82244312352253,127698.35231025961
"ALB",2011,1188.2481956630872,380639.3453861977
"AND",2011,0.913257606106946,455.08075821284154
"ARG",2011,499187.17766934965,108749518.85499829
"ARM",2011,173.98857449846201,58788.079266755114
"ATG",2011,25.836475973457542,8606.242381073653
"AUS",2011,121315.70731451602,44141536.3248292
"AUT",2011,18089.76135807413,9258465.442001654
"AZE",2011,147.45568862628087,42998.54372477239
"BDI",2011,960.5865305165012,382522.6885492468
"BEL",2011,5016.268618970898,2698506.315831128
"BEN",2011,654.6675256212654,255708.8616769863
"BES",2011,8.809001751506827,113.56533854932073
"BFA",2011,15.318765268498595,4150.740841900212
"BGD",2011,4181.292614329541,2146217.001756443
"BGR",2011,3331.6906422361917,1337834.1399553723
"BHS",2011,624.7938525199411,171842.01453306206
"BIH",2011,970.6150882327789,442537.230397306
"BLR",2011,45367.01352775558,16089509.217784036
"BLZ",2011,26368.89338210111,13023551.652168255
"BMU",2011,0.13045129684678078,45.038652607308364
"BOL",2011,330239.2107166973,144096683.0707701
"BRA",2011,1923363.6945466646,1035820338.3989786
"BRB",2011,18.13697372804326,6935.88659979711
"BRN",2011,2620.363234876939,1957783.2617662423
"BTN",2011,1090.9935891274788,619021.7441520332
"BWA",2011,21.433357927878127,3806.1517626166296
"CAF",2011,49140.15489794561,22731312.92544724
"CAN",2011,2160700.6012920383,366201634.2379195
"CHE",2011,1939.8543180228305,1092564.2138484977
"CHL",2011,99349.74402050268,37128158.90875062
"CHN",2011,598586.6213597064,269006637.901932
"CIV",2011,124683.49272816266,58149691.23779393
"CMR",2011,27651.74510844756,15608157.17906129
"COD",2011,429540.07869338425,250689357.31919467
"COG",2011,28374.344321615496,16309496.48616725
"COL",2011,189829.01904875034,106959640.78096615
"COM",2011,122.61209920003701,61026.65652783667
"CPV",2011,16.409443462350414,0.0
"CRI",2011,10495.814297124072,5503037.607809986
"CUB",2011,16312.75170920837,5578912.083647351
"CUW",2011,1.3546619640103397,396.92894528237497
"CYM",2011,39.77471242462945,11889.271114546766
"CYP",2011,118.52639279946223,32962.567855817295
"CZE",2011,21853.284871650787,10314661.771361409
"DEU",2011,34271.55204556293,16745618.780124018
"DMA",2011,44.463183149597114,25825.882382512293
"DNK",2011,3132.382286941496,1025576.1670879464
"DOM",2011,12960.421981061696,5465333.312858162
"DZA",2011,8344.084462041928,2529014.9789590323
"ECU",2011,43630.407367153115,29137108.59626954
"EGY",2011,102.62333657770559,22878.38087675046
"ESP",2011,39325.56850963547,15451179.190933002
"EST",2011,27199.28504796513,7848467.678772627
"ETH",2011,15462.73447562723,7178464.069152655
"FIN",2011,159354.70089162214,33397493.01611489
"FJI",2011,552.8023926625157,295802.4499458504
"FRA",2011,64074.31686300758,30168411.073565498
"GAB",2011,18160.655158393325,10896022.32886685
"GBR",2011,22656.555172215405,10358207.285748398
"GEO",2011,539.7143637898781,188907.77672544515
"GGY",2011,0.5042090116102145,204.05797086444957
"GHA",2011,36242.63011312896,17069018.61101988
"GIN",2011,27637.960992399825,10161282.540778574
"GLP",2011,73.90693008635479,33480.55401053155
"GMB",2011,30.422626995262657,6517.601274209475
"GNB",2011,4283.911161332813,1625698.1494317863
"GNQ",2011,7706.36452910555,4819660.871022012
"GRC",2011,6198.616501977363,1461300.0083737564
"GRD",2011,40.186006821703884,24186.82820075014
"GTM",2011,40586.901239303654,19719958.667432472
"GUF",2011,2708.7968445634247,2099746.7576125828
"GUY",2011,8362.988171547675,5697385.465593355
"HKG",2011,15.46864002421923,6030.283958750415
"HND",2011,52571.55292969344,25546323.231219564
"HRV",2011,2918.6898477721948,1252523.031127392
"HTI",2011,2564.2100328311644,1000258.9034438654
"HUN",2011,8225.275769277068,3178681.460489892
"IDN",2011,1543628.922500575,1156123067.2561324
"IMN",2011,12.039461385055736,4487.580697005652
"IND",2011,88460.3591508626,42012342.77479004
"IRL",2011,3108.8282691325803,1506827.0902549354
"IRN",2011,238.91215014646636,59592.21842804442
"IRQ",2011,3.2901355319399173,853.0012254821182
"ISR",2011,1065.3923516841935,148089.8055261121
"ITA",2011,11450.626571222809,3575471.417979982
"JAM",2011,2385.222420013073,1247633.040752516
"JEY",2011,3.188722275538014,1423.9972557770543
"JPN",2011,35955.32688931191,16402162.422284184
"KAZ",2011,4852.33824294486,1719998.0248157096
"KEN",2011,17299.757265521195,8229422.168977248
"KGZ",2011,111.9822805474006,36917.97961225086
"KHM",2011,192154.66546491225,123069660.54555643
"KNA",2011,12.3588057568574,6083.393798290144
"KOR",2011,11709.679021045426,4082994.9452173
"LAO",2011,130932.95836267254,69416271.05868614
"LBN",2011,139.40904701801642,39353.29559949386
"LBR",2011,34444.33601962229,17223500.064522568
"LBY",2011,9.487611197051752,2131.2966977272677
"LCA",2011,61.57842812022792,34238.00264757716
"LIE",2011,1.8429366804908254,1098.2427325286951
"LKA",2011,14736.922083666388,4963400.507953582
"LSO",2011,3.3540785446062147,964.9641429416267
"LTU",2011,21735.155513642407,7492079.611495736
"LUX",2011,447.8086715215429,254347.05383104002
"LVA",2011,44737.56113470506,14568723.037256662
"MAC",2011,0.7139752360895719,0.0
"MAF",2011,9.520155041840821,3468.2610192466695
"MAR",2011,3392.461737801325,999143.6485870467
"MDA",2011,186.81249517470738,54064.12992373675
"MDG",2011,162323.4819974672,81491906.62204924
"MDV",2011,10.562158891219884,416.0958545112481
"MEX",2011,186771.2996197108,71418353.13554129
"MKD",2011,2156.63267669624,908418.7462647317
"MLI",2011,165.78566284811797,49653.66682418271
"MLT",2011,1.438825872669207,392.3222907780744
"MMR",2011,135716.3642060059,74367681.13585979
"MNE",2011,494.3155999684264,207095.66184343863
"MNG",2011,3550.5092123616323,864875.4097936694
"MOZ",2011,150242.38837890542,49774531.601941384
"MSR",2011,6.343112550028967,3657.879562394902
"MTQ",2011,152.9927397381282,80321.40902355219
"MUS",2011,487.31949644207924,208243.12142349454
"MWI",2011,8216.209943862268,3405584.5316780778
"MYS",2011,463078.3720288848,296257529.46600085
"MYT",2011,2.327297513664053,1005.1769295660367
"NAM",2011,70.90416643330005,12441.02950261698
"NCL",2011,709.1568658939242,308445.9147058508
"NGA",2011,53891.488641024516,22336085.548267137
"NIC",2011,43289.757052016204,23967919.465144962
"NLD",2011,1155.2918805107413,498810.42252470943
"NOR",2011,32768.91954423756,8022036.990991903
"NPL",2011,2816.4599699566616,1584741.292829833
"NZL",2011,59943.05383008219,34775911.131687604
"PAK",2011,463.3844430140608,186074.33625517917
"PAN",2011,23104.09350381741,12885849.460227055
"PER",2011,125265.09054643169,81499813.90257391
"PHL",2011,33252.86178407713,20331820.552359365
"PLW",2011,30.59188477753724,23608.89208053006
"PNG",2011,53046.459013557534,40009044.7169752
"POL",2011,56650.18083473987,21662555.327710018
"PRI",2011,1227.762500439046,617698.3563255813
"PRK",2011,5431.46760653237,1793362.0901090717
"PRT",2011,26672.763593250267,9489842.093488613
"PRY",2011,457195.7334344816,104324547.23184958
"PSE",2011,0.26135731809682905,60.05628022117532
"REU",2011,562.4162710655471,252738.74315446193
"ROU",2011,16927.421745702017,8037283.187920957
"RUS",2011,3021470.531078769,583238396.8279296
"RWA",2011,925.9345724824991,517937.0987435663
"SDN",2011,205.23965825659243,53278.2666255095
"SEN",2011,116.84204874576423,33488.84517647376
"SGP",2011,73.91115390354234,29836.225404530982
"SLB",2011,5860.705993261619,4397584.360369591
"SLE",2011,33929.46108345448,15232026.40100298
"SLV",2011,3242.2190068461387,1403737.659062886
"SOM",2011,184.50804264629437,38779.99797610408
"SPM",2011,0.05302911553602129,0.0
"SRB",2011,2210.1616112546653,1031184.8693422129
"SSD",2011,9011.574752713495,2811668.196917067
"SUR",2011,5696.754549846583,4400586.647607596
"SVK",2011,11543.845547858666,5497117.272513672
"SVN",2011,1436.1345837047686,746585.1788784632
"SWE",2011,205317.15040103035,51049501.11134689
"SWZ",2011,2621.92453533229,1197610.9847897266
"SXM",2011,2.5635234234373545,864.4285658136383
"SYR",2011,155.89835133830348,46288.32570039464
"TCA",2011,14.599105427989961,3724.887417081064
"TCD",2011,920.0001787977909,250340.20711493387
"TGO",2011,1255.778980233447,528637.637431594
"THA",2011,94544.69378047746,48485269.77287964
"TJK",2011,20.201706517376227,6155.304026626835
"TKM",2011,16.51523347596699,4479.276716538091
"TLS",2011,1463.4766671068546,771522.8775868294
"TTO",2011,374.7194797229723,209548.49846248832
"TUN",2011,2203.8900279014993,671678.9582686367
"TUR",2011,23887.92723492908,6454627.591913028
"TWN",2011,1461.486996160708,753401.5187405462
"TZA",2011,137805.33465555223,46020709.46942892
"UGA",2011,65067.31794219707,30789593.9276458
"UKR",2011,60355.87401913387,24058002.41885469
"UMI",2011,0.1461976258094535,0.0
"URY",2011,28001.412844119888,20214472.025259938
"USA",2011,1663692.304400236,691982129.839495
"UZB",2011,33.41626008151237,9447.819500869078
"VCT",2011,30.421077479226664,16641.190788375843
"VEN",2011,74441.21988581294,32630530.73999662
"VGB",2011,15.346735096775529,6304.316459195179
"VIR",2011,49.9176035143566,20819.01575189613
"VNM",2011,130786.40739750111,87133849.83559135
"VUT",2011,607.1044173004832,340821.84486684605
"XAD",2011,1.0808338175737233,383.62541518420466
"XCA",2011,208.11693325968034,4994.052468878236
"XKO",2011,802.0038878749968,372834.9875733059
"XNC",2011,14.067647252982528,4170.178194393197
"ZAF",2011,69616.79323771973,44665348.70810689
"ZMB",2011,60076.41864813258,24132291.9896388
"ZWE",2011,9039.172703429036,3657623.0340552432
"ABW",2012,0.15032492318469165,34.92646572379757
"AFG",2012,39.30761565606739,12369.99259335424
"AGO",2012,180754.82068446898,58163650.03362018
"AIA",2012,1.9026141586251089,411.1214641750357
"ALA",2012,654.728649634174,182293.28143524547
"ALB",2012,5395.648852904804,2048537.7474329316
"AND",2012,7.697719637314078,3924.6969679572094
"ARG",2012,478177.9106441615,113533431.13311015
"ARM",2012,197.67817640962429,61899.72647015568
"ATG",2012,33.3453906659918,10103.725866385661
"AUS",2012,139802.75773702405,45161208.47644253
"AUT",2012,11158.429233731993,5666239.494588333
"AZE",2012,597.631968693889,167651.85627387714
"BDI",2012,871.1629204077066,325789.05808769865
"BEL",2012,5635.167607287628,3105720.1535421177
"BEN",2012,2865.41175458789,1167658.0035171916
"BES",2012,3.222078490794799,716.9425138198175
"BFA",2012,0.37773386356553823,92.52631137589266
"BGD",2012,5359.457805822223,2867448.882069171
"BGR",2012,9977.505725373238,3849428.850813059
"BHS",2012,370.59397257451275,108614.34990222254
"BIH",2012,2433.75692449086,993815.0437086478
"BLM",2012,0.14661330793944477,44.39476169011381
"BLR",2012,39591.09204589104,14289877.431519374
"BLZ",2012,11527.525624125756,5228970.663012563
"BMU",2012,0.5877053031575188,162.68032297386623
"BOL",2012,273544.01074462605,125976551.60774498
"BRA",2012,2918633.141024011,1516838370.9523306
"BRB",2012,116.54373804806144,46708.00500135002
"BRN",2012,1836.7828666684834,1287172.947674548
"BTN",2012,766.2123953605391,450135.5719157792
"BWA",2012,15.787236763035926,2775.054791969391
"CAF",2012,57313.88907390702,26613776.226489462
"CAN",2012,2545494.170848935,463941928.6918663
"CHE",2012,1518.0646772474952,829785.686568761
"CHL",2012,174809.51185033927,69384868.33878408
"CHN",2012,605004.4187455948,270942722.83610034
"CIV",2012,96128.73772145905,46368410.67705733
"CMR",2012,51267.60247466877,28671040.596495792
"COD",2012,630999.551152768,371973818.7002743
"COG",2012,32143.61736517881,18732209.451108318
"COL",2012,227707.04511266592,125434139.84863997
"COM",2012,127.29285184633466,57559.882121642506
"CPV",2012,8.993036956335208,0.0
"CRI",2012,10367.071752753483,5460395.924002373
"CUB",2012,10344.977987735581,4035248.334747089
"CUW",2012,7.3754986317867575,2148.4348980222276
"CYM",2012,9.227671762861391,3063.153037025293
"CYP",2012,54.308033935697885,14343.967225692737
"CZE",2012,14006.252809276568,6863383.817364826
"DEU",2012,26007.353951442336,13131924.14032009
"DMA",2012,144.7238357231718,84105.25643367776
"DNK",2012,4451.952352689528,1501750.8171420437
"DOM",2012,17905.569494636682,7691497.099351438
"DZA",2012,10912.733208616812,3402631.4217871856
"ECU",2012,74205.96549568957,45927825.03502533
"EGY",2012,438.85342805090016,95790.35240675572
"ESP",2012,80495.82971443226,25612526.602375895
"EST",2012,17685.1113591616,5242368.489092722
"ETH",2012,41631.93539086985,19567432.28222241
"FIN",2012,160310.4867255505,34600704.6806106
"FJI",2012,1219.7665506088122,655674.3924561477
"FRA",2012,67302.61843209549,32401568.786464643
"GAB",2012,17476.082580566945,10595788.500787167
"GBR",2012,35668.66624655683,15149865.78903282
"GEO",2012,472.9989319950606,184912.5657746033
"GGY",2012,0.6046887942751678,233.29820822818337
"GHA",2012,36625.86841506857,18151466.635374248
"GIB",2012,0.062417929733069366,15.288267844818153
"GIN",2012,24485.56832253307,10107585.358358195
"GLP",2012,294.82241365661747,117055.91941491964
"GMB",2012,40.69027206508762,9140.284054842106
"GNB",2012,3511.449475926283,1316583.2743263398
"GNQ",2012,4952.7409730609925,3097970.5942540574
"GRC",2012,13242.084540183158,2574709.1726923604
"GRD",2012,39.73595788204367,24067.25319480792
"GTM",2012,84044.44087503977,40411759.11064005
"GUF",2012,9772.714858127936,7705508.935221828
"GUY",2012,13111.828085822983,8830726.192651264
"HKG",2012,14.18819789410564,6432.8521653534235
"HND",2012,32305.495196563617,15253947.723961573
"HRV",2012,5004.428537301932,2170020.58067678
"HTI",2012,4272.746834759214,1764234.707002797
"HUN",2012,11921.858273255679,4617841.891478034
"IDN",2012,2260260.5046039065,1664743229.492655
"IMN",2012,31.303038709631874,11952.872950483552
"IND",2012,95068.55768094925,45420246.97832169
"IRL",2012,5825.902587677624,2839784.081423684
"IRN",2012,407.391273893948,101850.57871958967
"IRQ",2012,9.132024872409596,2143.622722822767
"ISR",2012,49.230189698587274,12171.399310042845
"ITA",2012,21489.45265845962,6498042.507403697
"JAM",2012,2603.685793391328,1401524.9052240606
"JEY",2012,6.681639585086425,2950.7190490945504
"JOR",2012,0.13055328269313496,27.63923942932452
"JPN",2012,45672.06361017121,21148963.337778773
"KAZ",2012,3741.5142676441164,1216712.4923676986
"KEN",2012,17899.136703229757,9151909.6205348
"KGZ",2012,84.65660715935995,27948.529419329283
"KHM",2012,195568.95713090416,121485326.54141004
"KNA",2012,10.741171235273203,5097.565822053094
"KOR",2012,15941.075642958644,5631663.5419774
"LAO",2012,147537.1234992582,76691411.42418085
"LBN",2012,170.00537517866286,47938.39336794347
"LBR",2012,72113.93990391202,36303190.16354963
"LBY",2012,4.934646580570614,1055.0618507424647
"LCA",2012,67.10805567309055,36967.62205766828
"LIE",2012,3.845795911291882,2149.4313728157827
"LKA",2012,14427.634685781548,5212119.132213624
"LSO",2012,3.300161472891656,884.3639235638638
"LTU",2012,17602.90055783932,5972426.212596566
"LUX",2012,444.28945532676823,257769.9378021117
"LVA",2012,34285.458226147945,11234086.311966991
"MAC",2012,0.7139873336883134,0.0
"MAF",2012,3.44178225188457,1218.6116109780057
"MAR",2012,1689.8901709055267,490140.6006189052
"MDA",2012,1771.532315285038,510562.3016624534
"MDG",2012,128468.16279301254,61009589.85812152
"MDV",2012,2.450743201334549,85.80434408805948
"MEX",2012,174753.06375342543,67519875.94920483
"MKD",2012,2938.7427729031115,1156244.242006966
"MLI",2012,78.92125094869557,24058.189056688585
"MLT",2012,0.31300136191187455,75.9848813345391
"MMR",2012,225188.71229879404,122394407.0661526
"MNE",2012,1258.6025347971074,510203.7941344547
"MNG",2012,34640.34113966695,4617131.796683421
"MOZ",2012,139946.21504135343,50742488.866960585
"MSR",2012,2.21233216459745,1088.118107668374
"MTQ",2012,308.425064007489,159978.08836276847
"MUS",2012,152.47020560556203,76759.43652254374
"MWI",2012,12173.047066393772,5420073.441749722
"MYS",2012,628171.0442860532,400755376.7145035
"MYT",2012,131.0511807452317,61471.35084100873
"NAM",2012,25.832496024796704,4416.352304383319
"NCL",2012,838.3279870237195,374671.2092131151
"NER",2012,0.07476342612955304,0.0
"NGA",2012,34970.91983791099,16380918.792040138
"NIC",2012,33723.43777238493,17919993.892769106
"NLD",2012,946.757002246787,425641.68126134016
"NOR",2012,29947.088158770868,7541678.570298809
"NPL",2012,5045.04521503215,3019236.9024709156
"NZL",2012,69498.51588104328,41191672.00384488
"PAK",2012,238.83694023698584,90882.25822216661
"PAN",2012,17044.269550519894,9412745.693549525
"PER",2012,275458.13389348565,175800155.0514246
"PHL",2012,59586.54123127526,35626836.72122952
"PLW",2012,28.001637297269735,21293.01285877401
"PNG",2012,73333.39482873863,56926048.1580253
"POL",2012,54896.168004366446,21020535.66109405
"PRI",2012,653.7553943583657,343255.1017358099
"PRK",2012,16681.678608895287,5491582.6881515905
"PRT",2012,58236.135175203024,18302140.190261215
"PRY",2012,510219.7904901209,119841250.1244096
"PSE",2012,0.45777903685765,117.28716337327737
"REU",2012,852.3251348447568,368095.6508192713
"ROU",2012,30649.652474189465,14219935.830613162
"RUS",2012,5391243.752594479,1034915444.57113
"RWA",2012,1090.451741807869,585803.4370248043
"SDN",2012,13.204749787536855,2764.014343808144
"SEN",2012,84.50333117814782,21752.929657945126
"SGP",2012,92.1382549883523,38236.87019156211
"SLB",2012,8806.574988623122,6740588.23413832
"SLE",2012,16356.215663016117,7320361.697453901
"SLV",2012,2535.746181414417,1106434.579386629
"SMR",2012,0.44593499398868996,111.394407579307
"SOM",2012,194.9006651840639,38010.31165419734
"SRB",2012,3478.06472948509,1575165.8242893768
"SSD",2012,6707.216401213937,2008653.9066293936
"SUR",2012,19502.019375481577,14983251.666970389
"SVK",2012,9169.581603320099,4609963.4017959125
"SVN",2012,906.4816779446494,436407.30596887873
"SWE",2012,234870.93794244196,58090842.374783546
"SWZ",2012,3527.1000683020366,1677810.3704738813
"SXM",2012,0.29298024883570384,87.14314456658619
"SYC",2012,0.6073974825916538,336.16081231910727
"SYR",2012,5370.641727538397,1661955.1265128055
"TCA",2012,7.656472901830797,1862.2017202281377
"TCD",2012,2491.109581364704,675893.700082525
"TGO",2012,1746.8677357087004,669072.3896784058
"THA",2012,114508.12073492611,57494293.16018381
"TJK",2012,26.0412789528304,8389.061591396487
"TKM",2012,8.986908645819923,2424.955209057013
"TLS",2012,1887.3824366591527,1080999.5672948016
"TTO",2012,713.5393981113242,388542.8580543772
"TUN",2012,1414.7172117788018,426942.4988852805
"TUR",2012,28467.08505439006,7804858.369117948
"TWN",2012,1460.0986007973092,705467.9777577125
"TZA",2012,154433.35486971127,51792424.682632685
"UGA",2012,29141.305589132236,13974003.916364988
"UKR",2012,55521.111863630846,22538079.232859068
"UMI",2012,10.452939442391985,0.0
"URY",2012,31387.5303191412,24594067.450990938
"USA",2012,1964094.3492653922,803131031.119618
"UZB",2012,55.37620507583952,16320.66576655329
"VCT",2012,24.654492830010504,13983.777247673188
"VEN",2012,105963.34348635828,46206014.52145187
"VGB",2012,0.8770644640461742,401.70026244385735
"VIR",2012,26.624608335558566,10749.598750355995
"VNM",2012,181241.52762621865,124762256.16089472
"VUT",2012,198.18652555902034,113108.01857518287
"XAD",2012,1.7797869428319302,733.7437624119509
"XCA",2012,22.725544348467817,638.2984119354638
"XKO",2012,1738.5219365924659,738801.1861774867
"XNC",2012,5.735552824034928,1492.3405755312697
"ZAF",2012,84896.58285684415,58460952.42226823
"ZMB",2012,129518.87672638036,53333176.0864895
"ZWE",2012,13802.68934125756,5361488.013882575
"AFG",2013,1.4518412252430093,379.34021862566755
"AGO",2013,168841.2541977202,56471337.28419619
"AIA",2013,1.3171679605685016,300.1784017192359
"ALA",2013,509.69240797959526,144815.4626877017
"ALB",2013,2570.310922040046,943940.6026824495
"AND",2013,3.364186641121998,1892.4373858314727
"ARG",2013,376776.5932908839,98100778.74690059
"ARM",2013,41.84126219385282,12968.916245536862
"ATG",2013,21.345231976196327,6137.016063558911
"AUS",2013,260094.1395706409,78210719.92769535
"AUT",2013,7645.341812654906,3822202.3600310003
"AZE",2013,149.07599370591964,48665.773752980145
"BDI",2013,1405.6460466674612,543665.0330567709
"BEL",2013,3314.949505960357,1837028.5892541674
"BEN",2013,1312.9031231644167,497453.1921298238
"BES",2013,4.360236983181657,1207.0873305396028
"BFA",2013,0.22648428664766507,62.7949607341157
"BGD",2013,6021.92653162264,3004317.092875449
"BGR",2013,3692.763140063064,1517084.097631591
"BHS",2013,1572.707680407811,524668.2315032486
"BIH",2013,2574.0062613781797,1049695.0799587197
"BLM",2013,0.36651387560219273,122.56060374622568
"BLR",2013,28084.697365521144,10091775.424214495
"BLZ",2013,16372.710431571804,7809926.2403604165
"BMU",2013,1.4365347314842933,520.695829899557
"BOL",2013,179822.5109608684,79563655.49786207
"BRA",2013,1945506.2526936734,1093546396.0513105
"BRB",2013,5.321592670211904,1940.4312933026777
"BRN",2013,888.3253656296037,627492.1972523696
"BTN",2013,485.3524157531898,265955.9248284141
"BWA",2013,14.12186351846369,3355.0987554096464
"CAF",2013,44182.457890591446,18178688.005720075
"CAN",2013,2807337.5915888804,421927968.45888126
"CHE",2013,793.6246757034261,407903.14538081794
"CHL",2013,102242.77187021742,43096863.94321498
"CHN",2013,441325.8717136675,196720259.34756774
"CIV",2013,175758.66835718454,84409781.94052973
"CMR",2013,84612.41502935634,49109136.07783166
"COD",2013,920604.2214510823,569857551.435665
"COG",2013,54641.415712497925,31406734.3791767
"COL",2013,138898.11596843394,80487327.25991862
"COM",2013,1729.7262194388074,703147.0728589636
"CPV",2013,9.770838933180974,0.0
"CRI",2013,7785.587051841845,4189940.5881602475
"CUB",2013,6071.55863103336,2285408.7955099917
"CUW",2013,6.24501854069629,1599.022147089978
"CYM",2013,18.10549301806923,6227.128684816419
"CYP",2013,13.504595621340814,3870.69400996812
"CZE",2013,7658.876842158162,3626652.3903907756
"DEU",2013,15499.368519914473,7403715.646560102
"DMA",2013,22.118610629884166,12065.984757169574
"DNK",2013,2015.3666264960236,669062.7930962605
"DOM",2013,12703.067196018535,5199813.492824955
"DZA",2013,6926.529269715102,2132132.433228792
"ECU",2013,48383.148229945466,30131816.77201155
"EGY",2013,96.99929436341682,19672.12744064244
"ESP",2013,63955.870659630855,24653950.413650718
"EST",2013,17088.500511463164,5054314.934112482
"ETH",2013,30851.23115281199,13814860.001142012
"FIN",2013,148660.86075677132,31537238.440289143
"FJI",2013,2699.4073129589406,1566940.7839851466
"FRA",2013,30351.836932724418,14627656.631473036
"GAB",2013,44448.92834656207,26912643.12318878
"GBR",2013,28596.14520963588,12071476.332357028
"GEO",2013,252.25008365728536,101923.96953395312
"GGY",2013,0.10073643032117482,35.56697530053026
"GHA",2013,81228.4588268532,40824831.12831827
"GIN",2013,146183.88431170137,58319119.25651336
"GLP",2013,169.9387636159082,63323.72492750281
"GMB",2013,12.216742302763318,2696.224204327145
"GNB",2013,20704.22718588605,7766636.455637851
"GNQ",2013,7289.629960084618,4490614.667462141
"GRC",2013,5906.555994045222,1215540.895556732
"GRD",2013,25.356401353232318,13011.388142091397
"GTM",2013,55148.922272741525,26320550.82752276
"GUF",2013,2967.7971918838475,2216470.5403782814
"GUY",2013,7117.305615645566,4657575.684661339
"HKG",2013,5.2743256945895025,1713.2577213128084
"HND",2013,43631.843275035215,21146042.795867607
"HRV",2013,2997.75268271842,1361240.9350498826
"HTI",2013,3181.211373103966,1232029.5352228195
"HUN",2013,8951.928668280074,3458246.4589092257
"IDN",2013,1139298.6687667314,825763146.1353971
"IMN",2013,16.83232750698289,6023.323573596521
"IND",2013,80865.7358998343,38103925.06887773
"IRL",2013,4772.826758495286,2240649.664955401
"IRN",2013,72.2309314972731,16618.57622863892
"IRQ",2013,2.5319020433658816,623.8345569651328
"ISR",2013,45.730708194941954,11794.076840054166
"ITA",2013,15524.72352680928,4557268.848243851
"JAM",2013,1327.669030492369,651386.932501101
"JEY",2013,0.5064509304448497,178.42950450027362
"JPN",2013,23234.078476399452,10795418.098381236
"KAZ",2013,2863.638875450115,921481.9381143146
"KEN",2013,13563.766202896195,6783707.209783761
"KGZ",2013,26.813979131923364,8503.734290211052
"KHM",2013,190096.39840993233,126439476.35573713
"KNA",2013,5.147649727228879,2595.7256733993127
"KOR",2013,9469.912937957186,3000357.574955782
"LAO",2013,205606.53782789013,104961533.21166176
"LBN",2013,160.0173956686647,44563.034065564934
"LBR",2013,155535.76984084395,80098418.82064047
"LBY",2013,81.29858731189225,9427.002602194663
"LCA",2013,36.09373117111311,18146.575144797007
"LIE",2013,1.9491170490716239,1132.4626961005881
"LKA",2013,7952.996077814213,2566823.9150963183
"LSO",2013,7.3389184715048605,1583.1191790611765
"LTU",2013,13922.776643101342,4771163.213182021
"LUX",2013,347.98723717079986,199211.3098128948
"LVA",2013,27766.438976924263,9147395.899096476
"MAC",2013,0.07139799683269851,0.0
"MAF",2013,1.8307702737216842,517.9788557264608
"MAR",2013,835.8379944715138,271423.77544807695
"MDA",2013,167.34534416476885,50398.95799033019
"MDG",2013,299350.3243925767,150581872.19032332
"MDV",2013,3.975830698017504,107.26462082691961
"MEX",2013,219047.82660332942,88335167.06990552
"MKD",2013,1149.0178793439861,458923.30635813356
"MLI",2013,409.78117161412786,122173.67113819208
"MLT",2013,0.25046223363936204,69.20570748009969
"MMR",2013,248186.44872222573,134660934.06691912
"MNE",2013,2401.1136831585804,989208.5684333434
"MNG",2013,628.7988744451196,132590.37133163074
"MOZ",2013,162655.52171325617,57407551.07062175
"MSR",2013,0.8851332672916268,434.83972037430294
"MTQ",2013,146.35940119923043,61645.020728108924
"MUS",2013,219.27038329771335,96813.66346253517
"MWI",2013,10562.321448241906,4283536.46480266
"MYS",2013,333221.15377482213,187778350.41637465
"MYT",2013,327.5657169504341,148603.05192683416
"NAM",2013,2.3374019038606897,538.2016900711573
"NCL",2013,2281.634735375124,916554.6194208385
"NGA",2013,43434.897396621505,21671452.1935362
"NIC",2013,44038.0597040213,24053760.42713421
"NLD",2013,514.1770203581557,226556.82772276204
"NOR",2013,33069.38260279727,8122371.057964811
"NPL",2013,835.4692511482071,431739.32184009836
"NZL",2013,77541.50731464164,48292508.45284029
"PAK",2013,60.01049955102569,22563.43147394375
"PAN",2013,14041.086957321773,7834226.907678551
"PER",2013,209306.8716492084,137570434.89220265
"PHL",2013,58871.14039933853,35722441.13599686
"PLW",2013,21.29418574324791,13686.971950050622
"PNG",2013,56667.73028963188,42609113.29844021
"POL",2013,35014.59256410277,13369135.837054046
"PRI",2013,701.6415651158926,321644.07942935283
"PRK",2013,5030.98210418496,1683469.8537827258
"PRT",2013,51884.19607347238,16823387.49028254
"PRY",2013,318563.88640077796,76013459.39215226
"PSE",2013,0.3944433776974787,89.9325925647388
"REU",2013,1652.9418874656426,677455.2242319133
"ROU",2013,12946.15584222925,5909758.880597037
"RUS",2013,4965531.637203033,1090958344.8246624
"RWA",2013,2472.624874820672,1406160.7248036943
"SDN",2013,9.403742597353867,1763.1880261668584
"SEN",2013,374.73767225886996,92493.27971205626
"SGP",2013,25.91848119804167,11568.793705307504
"SLB",2013,9471.368440972108,7163571.719339963
"SLE",2013,170277.65691576005,74446916.55375464
"SLV",2013,2053.488632952991,844392.8925116553
"SMR",2013,0.16727187123045925,31.965824152287055
"SOM",2013,315.84219041051546,58240.66007169242
"SPM",2013,4.506196744478924,8.281724750101493
"SRB",2013,2798.327755258182,1222097.5503122378
"SSD",2013,4931.464913911219,1487904.119675653
"SUR",2013,10203.270878290932,7577837.122941516
"SVK",2013,5076.417439795965,2584875.366526725
"SVN",2013,638.888034670666,317968.3049412547
"SWE",2013,197651.70766420357,48927631.73063399
"SWZ",2013,3126.1087437612255,1502620.8693429208
"SXM",2013,2.5634717903004187,692.0322530162312
"SYC",2013,1.2147488763085248,369.9859959883263
"SYR",2013,1270.4328503524293,375239.6036048265
"TCA",2013,10.516318003558302,2530.2093458551003
"TCD",2013,2895.247092546164,806617.3606289229
"TGO",2013,2952.616231994339,1286007.7574575958
"THA",2013,84754.4124611593,44956709.744448386
"TJK",2013,1.319036255980828,499.69349105291406
"TKM",2013,0.3715121779057949,96.01040690960619
"TLS",2013,462.9362024589665,220749.55659224303
"TTO",2013,759.2276510058708,413729.6196001202
"TUN",2013,1300.3334418412035,353671.99294953834
"TUR",2013,22542.957668820734,6306515.916687122
"TWN",2013,953.1628872239843,406252.85422698717
"TZA",2013,181510.42861089393,59882201.34307766
"UGA",2013,47750.03594454079,20194722.013927672
"UKR",2013,37711.82201669295,14934795.6864515
"URY",2013,19263.21439409518,21893500.854505453
"USA",2013,1736445.4980799246,715589454.4381762
"UZB",2013,24.686499249992647,5255.328866028904
"VCT",2013,13.415116035727683,6820.300484585801
"VEN",2013,64519.97255856457,28543890.907759078
"VGB",2013,2.7770006628438404,945.7783238847244
"VIR",2013,27.33988538381601,10954.210267916085
"VNM",2013,132423.22411348004,99551015.38235813
"VUT",2013,1111.0596175596456,595256.4634182217
"XAD",2013,1.0172177214864875,376.5938063894186
"XCA",2013,55.38596968777171,505.0785773036827
"XKO",2013,767.7412496700298,356858.12060340133
"XNC",2013,16.13823621262405,4315.455624619144
"ZAF",2013,56368.998495288215,36803919.77787362
"ZMB",2013,84831.58231022354,30000223.404398393
"ZWE",2013,9631.632142705323,4295913.625603232
"AFG",2014,2.719290470976534,786.5801852592061
"AGO",2014,212662.07671470832,72792179.54825719
"AIA",2014,0.3658329802191632,95.84784921129666
"ALA",2014,550.0605307218708,157780.4253604944
"ALB",2014,1051.881715701856,468774.87070906564
"AND",2014,1.368260455494989,696.5849709887182
"ARG",2014,241102.80766097986,63388760.94274533
"ARM",2014,38.127581905844146,13580.842032535536
"ATG",2014,24.87565215659851,7034.65488403344
"AUS",2014,281737.5240963728,92535699.00726984
"AUT",2014,9869.568611266619,4935387.521935207
"AZE",2014,328.24602280223206,81105.54468829307
"BDI",2014,2047.2401820416758,800930.6473557602
"BEL",2014,4239.266548529607,2346153.4641273776
"BEN",2014,1358.2719822692804,572510.5668912727
"BES",2014,1.7103573312245932,292.61267977611476
"BGD",2014,12060.763150253786,6029855.788484106
"BGR",2014,6688.564139722799,2884068.3789570294
"BHS",2014,902.3064920789712,293534.32468682155
"BIH",2014,1789.5444951005209,957639.6816983843
"BLM",2014,0.21991134931205347,79.95201433388152
"BLR",2014,33626.204749023374,12287082.99832341
"BLZ",2014,16464.713800057394,7657724.409194458
"BMU",2014,0.8488385957627558,272.7605545591704
"BOL",2014,256901.39817858537,119715013.1575053
"BRA",2014,2693134.295489553,1563108507.1542687
"BRB",2014,2.1735493173854334,714.2417139051836
"BRN",2014,2224.7058975194664,1482735.4824707394
"BTN",2014,1229.1513132891353,709758.7335084407
"BWA",2014,15.524350105662046,5040.938498923001
"CAF",2014,57852.20593288527,24188836.964444622
"CAN",2014,2643608.5411800086,418490256.50472116
"CHE",2014,1503.5526584375277,789550.4655686968
"CHL",2014,119335.12525517192,49931895.68209727
"CHN",2014,531643.2997455288,237988525.65011537
"CIV",2014,346792.5692410856,173147897.8078116
"CMR",2014,181851.00450453593,108645244.31702659
"COD",2014,1337961.0850110208,812384511.1532481
"COG",2014,72891.15369901563,42021142.284072824
"COL",2014,202027.88973578642,115781968.36224315
"COM",2014,1473.8620774452036,662912.5739554779
"CPV",2014,4.0787881256356195,0.0
"CRI",2014,10934.447209004078,5917596.163613453
"CUB",2014,5861.468361563141,2303221.903235954
"CUW",2014,2.3330786047888212,730.8049178149802
"CYM",2014,7.705385204091999,2396.204055770665
"CYP",2014,33.30200692319532,9404.13467092458
"CZE",2014,13939.610159579412,6799224.897775762
"DEU",2014,21169.343208057362,10260505.880094642
"DMA",2014,12.244957920959735,6632.8820501984555
"DNK",2014,5320.770494625727,1829573.3754002154
"DOM",2014,13678.140083922728,5853182.723631828
"DZA",2014,9523.348572127114,2954333.6944111455
"ECU",2014,30904.970224875884,19107491.03333736
"EGY",2014,115.0030750623057,23478.81377862395
"ESP",2014,74226.4345636804,30445983.35868254
"EST",2014,23576.65102126261,7130244.8711660225
"ETH",2014,32725.072633473545,14263942.158510355
"FIN",2014,186628.86804187988,39849691.62551018
"FJI",2014,3689.014622285131,2087485.5461893121
"FRA",2014,44359.063655817066,22029810.698145323
"GAB",2014,48752.34078366541,30367241.59621332
"GBR",2014,30371.657667419688,13252160.041755375
"GEO",2014,113.741013190579,43394.15378913279
"GGY",2014,0.10051626630858804,43.5312862964643
"GHA",2014,120298.11708457886,62941172.08104612
"GIN",2014,132716.19830816146,54595906.52193144
"GLP",2014,198.1175945308539,69877.45618026957
"GMB",2014,17.463359957059897,3735.1741553603297
"GNB",2014,12858.551513586772,4950420.924468831
"GNQ",2014,19211.176521149384,12427335.744212395
"GRC",2014,3803.2117289533144,1019793.1589847745
"GRD",2014,83.83836114653076,40362.24715505224
"GTM",2014,61831.290244083684,29476041.633101054
"GUF",2014,4195.617107614589,3100353.602472014
"GUY",2014,12154.003426201036,7943715.5932469955
"HKG",2014,27.7235473429949,7622.060211165508
"HND",2014,57481.62250849756,28188598.50562598
"HRV",2014,4559.431771269156,2203597.029929789
"HTI",2014,3858.8657915189274,1543229.4978137824
"HUN",2014,15139.947880054233,5832057.710841379
"IDN",2014,1894360.7272287756,1302538843.921693
"IMN",2014,43.02505721985212,15896.247097666319
"IND",2014,139137.75217375014,65656945.88262284
"IRL",2014,5717.7499435016625,2773228.509704275
"IRN",2014,77.58861401033968,18930.46579509195
"IRQ",2014,1.494315228195462,360.755647596472
"ISR",2014,122.08486946073212,31684.90332385262
"ITA",2014,19832.764060764282,6487228.417459804
"JAM",2014,2837.9771898485674,1382520.1432464898
"JEY",2014,0.30387390608071185,65.71734026194724
"JOR",2014,0.8478206387900994,166.03917642589445
"JPN",2014,28175.6666688606,13305894.720750732
"KAZ",2014,595.7158179973754,216318.99788111498
"KEN",2014,15356.839316344423,7675156.70678142
"KGZ",2014,13.509691792703862,4847.483616488502
"KHM",2014,161796.87482929282,103097138.49969316
"KNA",2014,3.972500660963399,1944.666449612663
"KOR",2014,13425.755919808636,4494713.928579002
"LAO",2014,243833.42557568217,121658981.62098607
"LBN",2014,159.82056982944422,45539.39183634384
"LBR",2014,164048.5813791161,85611258.8900815
"LBY",2014,4.413913847732138,910.5275958425611
"LCA",2014,41.09592468339885,19726.40500817466
"LIE",2014,2.8986316605713753,1636.983658230221
"LKA",2014,12350.444278586117,4435299.478129724
"LSO",2014,12.470744648080135,3057.0557600295206
"LTU",2014,15972.31868618218,5549628.357104136
"LUX",2014,429.5510985632913,256614.7311026177
"LVA",2014,32203.11955327271,10675434.393066717
"MAC",2014,1.4994615315411395,0.0
"MAF",2014,1.2449180198697212,526.0397175402924
"MAR",2014,1682.307949668918,549224.9925083945
"MDA",2014,363.1340040273039,113460.035044496
"MDG",2014,416682.18295651535,196958173.24653512
"MDV",2014,3.133582413560923,25.73013131215405
"MEX",2014,170749.77378089557,71898528.48776075
"MKD",2014,1815.5088414671243,786165.3325446163
"MLI",2014,270.3377479104197,81459.95382677448
"MMR",2014,331444.5884317317,175199330.41865274
"MNE",2014,1437.8908965896715,787628.4615862715
"MNG",2014,522.6742497623461,129239.9416455232
"MOZ",2014,200500.70270739688,73592897.58240475
"MSR",2014,0.2950302897080996,175.93925699910616
"MTQ",2014,156.7177623246105,65914.1610078534
"MUS",2014,531.751975484926,217793.24256410432
"MWI",2014,18587.04267246208,8064265.776220939
"MYS",2014,645779.1168368794,369241308.0079277
"MYT",2014,1150.4133203830413,507417.1935967911
"NAM",2014,3.8896163104072015,834.0469454939561
"NCL",2014,2050.201348238611,812693.035694773
"NGA",2014,68637.35128005681,35616999.42695639
"NIC",2014,75563.10046904176,41295811.343568884
"NLD",2014,875.2614925397069,387418.2272175154
"NOR",2014,39149.00058712282,9818621.294060783
"NPL",2014,1161.81134214239,620010.7340431351
"NZL",2014,79409.68409171242,50390876.40130934
"PAK",2014,38.61457548306242,15749.723322589942
"PAN",2014,14035.498450037298,7759976.349764499
"PER",2014,205452.2866580078,132307201.2399568
"PHL",2014,102456.18780278476,60866565.570343174
"PLW",2014,93.85025781342964,62619.72469770137
"PNG",2014,105664.41478776166,79199295.60050288
"POL",2014,56279.47319570811,22067117.09821695
"PRI",2014,871.4169512125097,395317.1795228264
"PRK",2014,10943.074919612558,3689365.2395272804
"PRT",2014,60258.85595577488,21525754.411210977
"PRY",2014,345746.4966335461,79913420.67499739
"PSE",2014,1.179943855032485,295.3890067292922
"REU",2014,675.05576926877,289856.38387552294
"ROU",2014,19481.7070532542,9215023.167063907
"RUS",2014,4489878.684605764,787977056.4576762
"RWA",2014,2889.3586764020147,1857075.8532894857
"SDN",2014,5.617398402154949,1163.9966269432207
"SEN",2014,326.71520470965515,82875.40505994872
"SGP",2014,191.35197143345528,84449.65876979484
"SLB",2014,16939.311585954496,12902757.297499318
"SLE",2014,161512.80780539504,72836295.49362591
"SLV",2014,2319.7269640049367,936341.3577744288
"SMR",2014,0.16733727529295922,47.84189706031183
"SOM",2014,123.05745672545702,22974.781208876553
"SPM",2014,0.5826345272178488,0.0
"SRB",2014,4387.909462666461,2176481.354322636
"SSD",2014,6750.715411385622,2238630.971472295
"SUR",2014,14747.662829258037,11092440.180374937
"SVK",2014,17366.37852884288,8646498.158230264
"SVN",2014,5388.780866225461,3038435.260332432
"SWE",2014,242483.90536500423,59705756.54092833
"SWZ",2014,4960.468941104146,2317904.408294835
"SXM",2014,0.21972204252385905,87.15838006165183
"SYC",2014,2.049832976474493,1176.0606447338885
"SYR",2014,958.2943361189393,264995.6826433587
"TCA",2014,31.337306497661523,7746.253497014443
"TCD",2014,3000.66587315443,827296.07471498
"TGO",2014,2526.177220303638,1130058.6782511529
"THA",2014,137614.63374225612,75064741.91682601
"TJK",2014,0.7830429886089488,263.4771643608307
"TKM",2014,0.9040841038477567,111.0868013341993
"TLS",2014,1883.0942844046563,906284.8435500037
"TTO",2014,1569.4564589680547,834946.1270960602
"TUN",2014,2385.0608548616947,668112.2632595698
"TUR",2014,22005.44148740073,6198991.063200357
"TWN",2014,1054.2114879821527,484113.44651262846
"TZA",2014,198227.56181782956,67131451.27958553
"UGA",2014,54913.201908673305,23709327.088215336
"UKR",2014,47187.255286397216,19218574.169635843
"URY",2014,25643.07886866073,33799179.38042793
"USA",2014,1736526.8071502645,806855523.9550798
"UZB",2014,83.12890887833751,18480.47557060996
"VCT",2014,10.793531939368313,5380.851940055365
"VEN",2014,100975.10759387088,45115430.218750976
"VGB",2014,0.5114687255218894,169.68865708145637
"VIR",2014,21.47171597209804,8231.975105636035
"VNM",2014,217341.52936374294,155806657.8656764
"VUT",2014,634.424555524593,347802.9381630708
"XAD",2014,1.2078600922460254,401.89420563969475
"XCA",2014,3.050762230021562,406.3654941539811
"XKO",2014,760.6256784038919,405763.5843893498
"XNC",2014,27.6025149838727,7360.83378701123
"ZAF",2014,69667.22996157671,49392891.62277562
"ZMB",2014,115220.94962431017,41274377.16344704
"ZWE",2014,9644.693978861587,4173387.455807787
"AGO",2015,161718.9696110519,57101868.37234574
"ALA",2015,567.2330417997322,167307.53303220606
"ALB",2015,283.5747371036402,116080.59371564457
"AND",2015,2.1677833333313483,1051.1341457182523
"ARG",2015,180233.105499868,54028947.97096522
"ARM",2015,1.9901153936088278,739.6531516047006
"ATG",2015,8.907470700879507,2588.4797722292706
"AUS",2015,261575.00418163143,77931776.48725012
"AUT",2015,7937.704883539039,4165296.1912858645
"AZE",2015,26.745192960140294,9151.292705091426
"BDI",2015,1458.3785204174171,609564.218718685
"BEL",2015,3420.273924439545,1900342.9312916144
"BEN",2015,598.3973628617124,263372.1254711129
"BGD",2015,12603.76175437821,6466749.729669374
"BGR",2015,7293.179858869651,3259537.386770945
"BHS",2015,1089.0131118058139,348558.56375605357
"BIH",2015,580.5048923224388,293991.41236995923
"BLM",2015,0.07330418609917118,21.297308938128207
"BLR",2015,33899.296079353335,12285412.04680941
"BLZ",2015,12268.796923141052,5720897.866488604
"BOL",2015,166275.253662104,72960608.07365982
"BRA",2015,2222772.4175309604,1398101594.1781847
"BRB",2015,1.9487004245686057,833.1465213236199
"BRN",2015,1761.2706306610871,1070897.6983669733
"BTN",2015,746.5236082175244,388520.6518617964
"CAF",2015,27315.831032026228,11825123.958305532
"CAN",2015,2733439.4692660803,432145097.06069404
"CHE",2015,772.5663227746587,418403.29845332785
"CHL",2015,106106.68365240832,47893203.43938463
"CHN",2015,490444.58253127383,222537901.09985512
"CIV",2015,152432.45205148522,77101578.41070093
"CMR",2015,78969.8832262894,47029933.12183982
"COD",2015,928115.6380940806,580567028.6848267
"COG",2015,47822.97021469321,27488298.952350017
"COL",2015,140855.703190221,81156656.19697686
"COM",2015,429.4617172440122,208738.31444787
"CRI",2015,3299.6049326081106,1815686.7022124582
"CUB",2015,6725.978202444092,2733326.2504026005
"CUW",2015,0.9029118816780085,312.2321968315465
"CYM",2015,0.07251709538846104,19.179069897778657
"CYP",2015,20.434459206344542,6720.620150541273
"CZE",2015,8046.992556700927,4053681.582691074
"DEU",2015,12929.492897561946,6718295.7851196565
"DMA",2015,1.8556317113347196,1129.1863866867802
"DNK",2015,2583.2304257548417,904418.5071547842
"DOM",2015,15090.563480153916,6639195.079966663
"DZA",2015,5706.845700003585,1795327.4187134122
"ECU",2015,30077.598651060292,20528161.366399903
"EGY",2015,31.643148498889218,6483.200420860278
"ESP",2015,65413.86919736654,26723289.694479574
"EST",2015,25420.295895456675,7860115.338546605
"ETH",2015,10276.470946594678,4401493.990126702
"FIN",2015,172639.43121398706,37820881.78753086
"FJI",2015,1838.3526791345043,1117104.4463832078
"FRA",2015,37292.530327603046,18544872.466382053
"GAB",2015,25472.550339003985,16364678.760783782
"GBR",2015,23996.896016893195,10579241.46291941
"GEO",2015,42.850622395620945,18057.640275681424
"GHA",2015,57407.38759222719,30668671.360702455
"GIN",2015,161820.01803398837,69430158.11105298
"GLP",2015,71.39707072824247,28044.006291759135
"GMB",2015,10.040478170677723,2126.485656297948
"GNB",2015,12661.216918573153,4899063.299484985
"GNQ",2015,7468.600134999063,4924460.195595546
"GRC",2015,3840.0029775508933,948602.5587451507
"GRD",2015,6.698007764814861,3761.4713356339003
"GTM",2015,54147.33930251578,26158848.62056863
"GUF",2015,2867.5026518878476,2112904.5053182133
"GUY",2015,13084.179039855073,8497122.2996226
"HKG",2015,23.721396680580668,8151.72046732651
"HND",2015,50242.486847374465,23942844.32172708
"HRV",2015,2669.048069553262,1129507.307313522
"HTI",2015,3087.5647956931925,1236796.2966709556
"HUN",2015,10720.012872797439,4211042.3248430295
"IDN",2015,1746470.5346030015,1168115547.4668653
"IMN",2015,11.116265674114327,3991.9780331793836
"IND",2015,116308.11702302242,56431888.89679999
"IRL",2015,4484.169137729796,2191619.0909104496
"ISR",2015,51.332728029454216,13882.65878112977
"ITA",2015,14124.462450126266,4647410.79485443
"JAM",2015,2903.3148826555166,1532102.3732431112
"JEY",2015,0.10136243084634841,27.996514983937146
"JOR",2015,0.3915837515624777,84.31649578869813
"JPN",2015,31145.402758702705,14956560.128504947
"KAZ",2015,181.16229367695064,72440.15849765496
"KEN",2015,15615.5008608178,8616705.670410082
"KHM",2015,132701.14361587714,79924035.57834533
"KNA",2015,0.9566715461425238,554.2906407894542
"KOR",2015,17340.926475316268,6019017.887353734
"LAO",2015,285028.8419335191,145673990.717762
"LBN",2015,173.6172987841413,52024.515954249204
"LBR",2015,186009.89867053222,99527051.31109266
"LBY",2015,0.19478584987629102,34.93632988868537
"LCA",2015,7.175106600911401,3492.9018657327806
"LIE",2015,1.3175101793774697,821.7369197017705
"LKA",2015,7402.862736103761,2711577.672728224
"LSO",2015,0.934455175671605,435.8464729858977
"LTU",2015,15794.33939266484,5634608.790144739
"LUX",2015,327.46531145349724,196616.17755581858
"LVA",2015,30829.686516235834,10392213.146870026
"MAC",2015,0.6426038811590002,0.0
"MAR",2015,951.9919859004816,317459.19577177777
"MDA",2015,495.7353512493094,158814.45081736994
"MDG",2015,301788.6583489977,149822891.96474552
"MEX",2015,197650.8807558556,84771392.54911806
"MKD",2015,784.3280615297273,348365.9350503126
"MLI",2015,204.15351593025213,60848.38403615612
"MMR",2015,293305.1696370189,154952701.32823357
"MNE",2015,180.96339953503136,98400.92056086667
"MNG",2015,7145.278873921565,1083118.0371728905
"MOZ",2015,181386.8423631052,67703739.02941023
"MSR",2015,0.14748139192707493,95.3678015104861
"MTQ",2015,31.572052003451667,14473.373374921903
"MWI",2015,10785.17999140844,4479823.516755188
"MYS",2015,454345.0340698138,254376073.53147465
"MYT",2015,18.089878408034124,7970.477853933406
"NAM",2015,0.22039559628687985,71.52484607973926
"NCL",2015,486.10100285997106,198036.6570467573
"NGA",2015,40927.546110111565,21597780.390678257
"NIC",2015,35523.97516550564,19585101.867213763
"NLD",2015,894.1996832064435,406481.6493444693
"NOR",2015,36638.88559081886,9420795.41874222
"NPL",2015,579.3662047965697,294322.0408990423
"NZL",2015,64003.26987590297,42944352.965514496
"PAK",2015,2.4160882604604197,857.2697435499836
"PAN",2015,10553.676857625036,5930754.327872401
"PER",2015,166499.94089565336,106272974.36106092
"PHL",2015,65895.64633830189,37470213.286123425
"PNG",2015,180806.5670568683,126092558.049853
"POL",2015,42742.66672936549,17019789.908551093
"PRI",2015,722.2241254801443,325975.21496057976
"PRK",2015,10852.58416849599,3150321.968454012
"PRT",2015,46097.02543685227,17309979.090147305
"PRY",2015,279375.4362715152,63361720.3919381
"PSE",2015,0.13028041131292661,30.56318096110129
"REU",2015,8.562228997164409,2818.3891865300416
"ROU",2015,10906.349848185971,5395998.24689318
"RUS",2015,2332072.397925601,460334678.16439617
"RWA",2015,2216.721227539584,1556741.573554206
"SDN",2015,8.055737397906,2212.1671586638904
"SEN",2015,293.49623981817837,75783.71021942445
"SGP",2015,154.97480247524723,75458.50543865575
"SLB",2015,14970.046156588778,11769125.02536979
"SLE",2015,232761.35360078368,109398177.56710075
"SLV",2015,2388.8341969572894,1050889.5915328942
"SMR",2015,0.16727279608071965,46.34540362274795
"SOM",2015,65.91837287778226,11164.266139807569
"SRB",2015,2815.440175056956,1365248.2268604152
"SSD",2015,2459.8526734797915,914210.999037622
"SUR",2015,11921.195531713458,8861364.513624953
"SVK",2015,5282.688760735524,2712899.0541179087
"SVN",2015,1024.527524935376,574333.8784660575
"SWE",2015,216022.99522526993,55742616.82815206
"SWZ",2015,3215.7813544449873,1585443.6752095425
"SYR",2015,2393.171169198203,595016.158055725
"TCA",2015,21.250219062147142,5794.907442863368
"TCD",2015,2591.3684614962567,719706.7543654977
"TGO",2015,940.2958101567016,450150.58302026516
"THA",2015,120807.65603115945,67155673.60950808
"TLS",2015,862.9100052983636,405305.6349990209
"TTO",2015,668.1936409805928,377037.21051383886
"TUN",2015,1880.0227173148094,584437.2268311848
"TUR",2015,27735.28447779144,8118177.71015271
"TWN",2015,942.6410425549207,425317.1945938593
"TZA",2015,111961.29550804375,38536926.64954576
"UGA",2015,54021.49583856941,23642918.368902795
"UKR",2015,48913.8059996958,19618212.616029046
"URY",2015,17547.921210604916,28010994.529593132
"USA",2015,2289649.1279231915,812087125.9073248
"VCT",2015,1.723567253515059,955.7248143548659
"VEN",2015,61435.84377792053,28141422.734447103
"VIR",2015,0.2924751540190806,135.9981344502629
"VNM",2015,217883.20961145978,152024290.66103515
"VUT",2015,3476.1602281971564,1928838.150502342
"XAD",2015,5.275077678814803,2097.249392809931
"XKO",2015,470.77986673432423,252791.4005405314
"XNC",2015,15.282490826872573,4021.8932520641806
"ZAF",2015,70156.99447749452,48976819.31101186
"ZMB",2015,87590.81871224126,32129884.85554797
"ZWE",2015,12261.73875565343,5084586.976798812
"AGO",2016,229710.48743592697,80988091.90430266
"AIA",2016,0.0,9.452844222015562
"ALA",2016,672.6592337792164,199732.6933831465
"ALB",2016,928.4496223384552,351807.3193263322
"AND",2016,0.6275108286263961,314.20110334149246
"ARG",2016,230189.42112733476,63434997.52112096
"ARM",2016,30.04757964455184,11480.207036858743
"ATG",2016,14.425399736293238,4119.751267088284
"AUS",2016,430902.90312666196,145356400.253885
"AUT",2016,17210.293187758725,9263059.826997729
"AZE",2016,25.475209867439556,9932.038768286182
"BDI",2016,1575.8744500566547,686284.8675746744
"BEL",2016,4512.342534066229,2500968.8837850913
"BEN",2016,2015.9778176707744,952425.275548519
"BGD",2016,21196.22801576418,11346616.008593036
"BGR",2016,7394.538858112015,3493938.9095655726
"BHS",2016,3136.084655306577,819824.5706679507
"BIH",2016,2307.9795262471966,1295324.412640106
"BLR",2016,90486.83568615625,33218813.907467358
"BLZ",2016,20510.70580550709,10153322.419548836
"BOL",2016,470600.82137635094,210898999.46148852
"BRA",2016,5378844.034540872,3306076820.2957296
"BRB",2016,14.316258986333843,4696.03696262542
"BRN",2016,2572.584128136683,1619019.498000364
"BTN",2016,1962.9523226941265,1108109.991487712
"BWA",2016,0.727647686450717,165.06900916380405
"CAF",2016,51151.99411595603,28323881.26267377
"CAN",2016,2084425.6748783912,436782286.4968256
"CHE",2016,1678.9900987180254,919343.0210066177
"CHL",2016,113904.39378438119,56388560.027905636
"CHN",2016,718689.1051536168,324552448.35266596
"CIV",2016,221099.8112649341,114995705.22680168
"CMR",2016,116619.23002656625,71507767.73577678
"COD",2016,1381278.3488440008,880407503.0829058
"COG",2016,114303.48946298844,72668616.17805935
"COL",2016,290956.3057680508,166430770.4714992
"COM",2016,124.36478813743729,58384.845742362915
"CRI",2016,13791.39423996197,7588752.37816976
"CUB",2016,74052.69806432277,40018070.67929526
"CUW",2016,2.4078543102423873,1099.8623328834196
"CYM",2016,70.06050036116378,17536.18257336257
"CYP",2016,568.9153941409149,182237.3959454053
"CZE",2016,22808.49165202366,12079859.236624358
"DEU",2016,26877.059203681296,14229283.43793716
"DMA",2016,7.123976756033724,3678.054032855367
"DNK",2016,4656.3405200463285,1630423.8881391115
"DOM",2016,24907.404839218274,11615654.993644772
"DZA",2016,8011.483778742098,2611226.0867840704
"ECU",2016,44042.95668030262,29805557.682497364
"EGY",2016,36.72802966215297,7534.035562483837
"ESP",2016,107562.3649272561,44351809.94516354
"EST",2016,36334.866977050806,11428472.510091111
"ETH",2016,19581.64310748048,8140303.9352621455
"FIN",2016,240428.3852736251,51937174.172434114
"FJI",2016,8372.9940766042,5127260.495832216
"FRA",2016,60768.469506022,30112475.06962885
"GAB",2016,32150.617915535204,20835216.625867352
"GBR",2016,28808.246988809307,12837116.496185767
"GEO",2016,523.4219910561704,215344.18966835234
"GHA",2016,119244.56175708125,64372656.065175176
"GIN",2016,216012.26550660736,93771725.35666575
"GLP",2016,70.02423404483557,26760.13978841997
"GMB",2016,5.170541242268194,1096.4448313344856
"GNB",2016,16120.145529737223,6580647.114261383
"GNQ",2016,9544.934007180434,6277571.159946358
"GRC",2016,6034.199903194348,1456633.1097443998
"GRD",2016,59.44976265746213,32696.527432903884
"GTM",2016,178396.8040378732,88231993.70092013
"GUF",2016,6127.211341665472,4535584.082428381
"GUY",2016,26512.136705374258,16466644.016983759
"HKG",2016,43.04229534332149,15232.17573811529
"HND",2016,188442.86732847945,88451133.85006866
"HRV",2016,5372.963121164633,2548551.605268867
"HTI",2016,17267.080063646456,8687380.753787374
"HUN",2016,14020.6750005166,5510127.24619505
"IDN",2016,2422071.5366722313,1500609911.4060845
"IMN",2016,17.578412979743806,6737.572380195947
"IND",2016,175362.34456262083,88288592.8208594
"IRL",2016,9388.15692134138,4611397.291022535
"IRN",2016,2.4079650067837175,649.7379133462105
"IRQ",2016,0.4917362710307881,128.66455036106314
"ISR",2016,64.87129809016174,18187.55082855472
"ITA",2016,24721.59097566739,8383222.710182012
"JAM",2016,1991.3896671669982,1018519.7879670457
"JPN",2016,54993.73162252527,26726494.41957139
"KAZ",2016,1288.5506122040285,473890.81810460764
"KEN",2016,19048.30696109323,10722607.809096714
"KGZ",2016,11.524777086573406,4120.674391325717
"KHM",2016,182417.95363141331,108811441.09713607
"KNA",2016,8.388895962008004,4708.06422483439
"KOR",2016,22537.654172361123,7939783.248191594
"LAO",2016,388035.2543847959,198143903.40121585
"LBN",2016,266.27434058720996,80157.16280027527
"LBR",2016,168585.97008533086,92465103.28023514
"LBY",2016,0.5194896307671331,113.4326793238771
"LCA",2016,107.17038489837606,60533.85737978585
"LIE",2016,5.163633092627041,3233.916343915832
"LKA",2016,17490.12522395664,6445069.868880514
"LSO",2016,15.343229898840203,3548.9546523924255
"LTU",2016,25531.687123812935,9109719.972487189
"LUX",2016,520.6800895391068,313937.10260215146
"LVA",2016,44945.462230998215,15283808.456552062
"MAR",2016,2041.2025672191635,635832.7192501212
"MDA",2016,833.4803869876154,261849.73854151642
"MDG",2016,383655.62498675444,197915319.52327132
"MEX",2016,274182.5820595298,122122520.7164734
"MKD",2016,1496.4766005935487,678078.480511219
"MLI",2016,204.82831103208946,63047.357800280784
"MMR",2016,362552.388554309,194815834.84238455
"MNE",2016,1119.526832553519,633926.7595167457
"MNG",2016,4142.11333018156,854638.1414636422
"MOZ",2016,250552.8121645327,94356237.16651142
"MSR",2016,6.2685934245844805,3255.221292573143
"MTQ",2016,26.059267875273438,11927.840230600032
"MWI",2016,13509.331561988061,5469152.629223364
"MYS",2016,565249.1817730778,307570050.2312053
"MYT",2016,83.46931421062754,37786.69404357058
"NAM",2016,1.3206881883430657,327.0704960603198
"NCL",2016,1323.908593353271,564405.6540526496
"NGA",2016,72189.38696622403,39157688.77740873
"NIC",2016,142443.748756464,78942035.11394109
"NLD",2016,1406.638251215141,640052.6880873977
"NOR",2016,60081.68602965781,15675213.691648414
"NPL",2016,998.5134169190399,518104.2190455042
"NZL",2016,80358.6065409555,53686612.459084064
"PAN",2016,17316.70324004808,9799332.412855037
"PER",2016,230961.62885486067,146624055.02980012
"PHL",2016,129109.70705168774,74072639.27609974
"PNG",2016,177925.92697005617,116981004.18932323
"POL",2016,86510.33713259343,35272357.08468849
"PRI",2016,599.2746830429619,291530.13002793
"PRK",2016,11509.253959102169,4115364.8130487776
"PRT",2016,94646.72428967661,31844750.055147044
"PRY",2016,319823.31324750604,77459731.15105608
"PSE",2016,0.0,68.05110615168958
"REU",2016,7.404617179196482,3393.6814596832446
"ROU",2016,23045.154078592157,11937476.798219828
"RUS",2016,5051637.380252083,927818772.0509617
"RWA",2016,2777.6719175265985,1960369.956274609
"SDN",2016,26.677106912372867,7130.602814628038
"SEN",2016,254.5573538766348,67646.47621181521
"SGP",2016,154.35962796872778,67236.43047327326
"SLB",2016,17992.755990113263,14033569.268741926
"SLE",2016,177686.75680965438,82865742.27990861
"SLV",2016,5743.541113568232,2907249.821527847
"SOM",2016,86.37904766203661,15748.285424038664
"SRB",2016,4676.280415975683,2405373.7738815253
"SSD",2016,4067.7818852763107,1691316.979244403
"SUR",2016,16877.59638336766,12393800.390618533
"SVK",2016,16942.844325209287,9074435.31593853
"SVN",2016,5394.618919125009,3126052.5402905494
"SWE",2016,310316.0520302868,81151425.84332208
"SWZ",2016,4801.902606689231,2357259.944263494
"SXM",2016,0.29296522957029586,104.02750888122702
"SYR",2016,1812.6737014559308,477962.8549695046
"TCA",2016,18.887066909967434,5092.116371091663
"TCD",2016,3165.963229054044,914360.2432361786
"TGO",2016,3463.7888226093182,1759447.0506631816
"THA",2016,171638.61546868656,95207179.0695319
"TKM",2016,0.05944391225478781,0.0
"TLS",2016,1296.467269537283,607597.538747255
"TTO",2016,1351.1961365679417,757383.5385408574
"TUN",2016,1454.9561057049564,417152.67112875317
"TUR",2016,25633.04773470282,7417460.5798299955
"TWN",2016,3322.023110297879,1486182.5401758605
"TZA",2016,152854.22932995344,53906565.018183015
"UGA",2016,67486.04452067548,30390486.275463197
"UKR",2016,106760.5108383628,40574510.55976765
"URY",2016,23688.34860553944,50383452.475781776
"USA",2016,2264066.749707707,1006112729.8587581
"VCT",2016,16.03810071687623,8925.840666820766
"VEN",2016,207335.82490177057,107741629.01799633
"VGB",2016,2.8502429745865614,1368.9290277792934
"VIR",2016,8.648971679930616,3447.594060105758
"VNM",2016,353446.0206847115,248392666.31084523
"VUT",2016,1340.6743119259256,732281.1794795246
"XAD",2016,8.644499366099776,2248.9130062197105
"XKO",2016,912.2313165999471,511474.93522890576
"XNC",2016,21.974655674315848,5976.815601197378
"ZAF",2016,73546.06795383531,55046538.103101164
"ZMB",2016,141637.19948642259,51986829.86466204
"ZWE",2016,10955.480626395376,4451619.34462034
"AGO",2017,280456.32105130015,96123857.87075719
"AIA",2017,1.1708109839257146,280.2151886517016
"ALA",2017,735.1438003620262,224571.8444059576
"ALB",2017,1689.0250327540462,547582.9919709883
"AND",2017,3.42216039470951,1932.3409237011788
"ARG",2017,233919.67776718384,67355245.07440901
"ARM",2017,41.74731801517295,10272.55030716605
"ATG",2017,71.89840979989366,20198.425880857445
"AUS",2017,236876.4575849532,102052739.6470547
"AUT",2017,18405.68972601869,9943826.50578937
"AZE",2017,80.1010522112471,34732.34380819888
"BDI",2017,1775.1927772759993,732743.6064047985
"BEL",2017,4137.322685932699,2290847.581782985
"BEN",2017,2238.4464013462707,976391.2015527188
"BGD",2017,28376.547233022084,15527766.776500914
"BGR",2017,7687.8566350433775,3377115.7197199506
"BHS",2017,3703.936226557096,1346123.7229432536
"BIH",2017,1339.3147675041616,666095.4083356016
"BLM",2017,0.07330176779730486,26.612798707007308
"BLR",2017,78767.08865605116,29968206.51237767
"BLZ",2017,16366.274295301597,7980077.502331834
"BOL",2017,463194.47137485555,215167347.2415245
"BRA",2017,4519833.171433771,2711123719.2630606
"BRB",2017,15.814096749303033,6094.794623572099
"BRN",2017,944.710178917978,671480.216375789
"BTN",2017,1972.244378721219,1130485.002886474
"BWA",2017,1.1571796534006653,256.07669858265393
"CAF",2017,63910.17758808804,30643692.31051064
"CAN",2017,2559736.0398633187,515882329.1346712
"CHE",2017,2542.4148509894126,1410054.755572325
"CHL",2017,214837.48092775213,86171322.81413876
"CHN",2017,644239.3395882021,284109745.2598499
"CIV",2017,357273.0221579286,190343185.04614526
"CMR",2017,187281.0519628469,110047513.88081026
"COD",2017,1467956.6575778406,927511585.1168469
"COG",2017,63874.773592549565,39020184.797097504
"COL",2017,424870.2839479085,242678090.50519022
"COM",2017,307.9432150459239,146623.0646364536
"CRI",2017,22095.555220144885,12187190.569902156
"CUB",2017,76813.80059414651,33354617.922613796
"CUW",2017,0.8274102558929759,248.25713095048755
"CYM",2017,73.62158437147349,20067.553909635295
"CYP",2017,437.269652784048,143167.9517919362
"CZE",2017,26511.92283065586,14391796.141282303
"DEU",2017,33000.27868154503,17491443.433764845
"DMA",2017,23291.209868463746,13823758.567394337
"DNK",2017,4360.35396559247,1564388.1252684635
"DOM",2017,27062.925092587844,12802140.474877268
"DZA",2017,45978.55509640233,15310045.505047845
"ECU",2017,71107.75580191247,49604764.78018729
"EGY",2017,58.43038358915424,11947.067259101206
"ESP",2017,98458.97696128771,38458621.23141585
"EST",2017,38856.65723429272,12426592.079608094
"ETH",2017,35403.505827118286,16370552.79337848
"FIN",2017,336198.6682048923,73705682.37160845
"FJI",2017,3091.618999217357,1840923.9722295732
"FRA",2017,69249.043253446,34634688.38761798
"GAB",2017,38643.85552321285,24848004.041129086
"GBR",2017,23041.725849351318,10558886.038995309
"GEO",2017,207.89816537639865,85797.29473046483
"GHA",2017,115285.96497551799,64846624.995331354
"GIN",2017,231588.0209324939,104708971.49463072
"GLP",2017,60.45295035976415,26162.88699067713
"GMB",2017,8.093337744221259,1817.0248094358767
"GNB",2017,16436.504582305886,6807375.472872002
"GNQ",2017,11937.94593030223,8031592.030096795
"GRC",2017,8906.940785318857,2009982.2313297081
"GRD",2017,28.152717553849488,13081.037664582125
"GTM",2017,79731.6058180839,39590035.26844913
"GUF",2017,4144.33696455768,3096493.601219324
"GUY",2017,19433.664030442415,13076063.391861593
"HKG",2017,91.72549676439186,35966.4988694513
"HND",2017,113473.73292354494,55731430.50461652
"HRV",2017,5846.534455798626,2701492.193419585
"HTI",2017,5498.831192214661,2510708.0418654014
"HUN",2017,14108.816914518413,5630474.24088058
"IDN",2017,1300719.3759037375,798970257.5972841
"IMN",2017,18.11718344127409,6907.9832246266515
"IND",2017,189420.96590027225,97804241.00608537
"IRL",2017,6128.753455843612,2995613.7506760475
"IRN",2017,109.91407509003922,29730.696425008908
"IRQ",2017,0.9834451819595796,221.68647635976157
"ISR",2017,99.54904099364977,27355.519801628096
"ITA",2017,34095.34985295555,10718500.58913838
"JAM",2017,2200.0546005562596,1134360.069873443
"JEY",2017,1.4683109673545172,520.6104613289118
"JOR",2017,0.9805254550802394,232.28866593965006
"JPN",2017,47612.45979526819,23477636.056965366
"KAZ",2017,975.1769845816102,354191.40773474774
"KEN",2017,22163.38814600446,12748241.421076447
"KGZ",2017,55.752073408071986,21797.634799871073
"KHM",2017,118333.26745054022,70182352.23021439
"KNA",2017,3.678442645135508,1434.4587606090092
"KOR",2017,20758.712223349696,7462476.319527488
"LAO",2017,349136.6257270421,176306080.21107492
"LBN",2017,288.20918854330483,86477.67894967749
"LBR",2017,203292.0350846194,113042376.83100058
"LBY",2017,10.452949380413797,2501.52655844125
"LCA",2017,83.55703969967406,44735.97896637994
"LIE",2017,4.057775238384093,2517.5444738871643
"LKA",2017,13066.098394565226,5400512.087070094
"LSO",2017,7.805554621455648,1761.0955804137534
"LTU",2017,25803.692644783045,9456163.829543589
"LUX",2017,412.66653662550993,246868.31541145963
"LVA",2017,47085.222039486085,16362036.258614553
"MAC",2017,3.998465319336848,6.201753134103119
"MAF",2017,4.1742089333059695,1135.202606531002
"MAR",2017,2366.5671185865044,745355.4283381072
"MDA",2017,1092.3795400824902,346351.16100373544
"MDG",2017,510356.85613728524,255498946.21726045
"MEX",2017,298787.5380594689,133208235.18712538
"MKD",2017,1144.6141966696061,514719.6834135285
"MLI",2017,331.98500583249984,102088.92211055956
"MLT",2017,0.1251926625108436,31.533820765083018
"MMR",2017,341844.69552615477,184085998.50703058
"MNE",2017,1268.971619631821,394237.6173090226
"MNG",2017,25238.39889388582,3871051.9390843855
"MOZ",2017,359011.13680185785,133942214.10873511
"MSR",2017,0.14751483680556815,105.28373658648817
"MTQ",2017,115.69333389233925,54279.36829022372
"MWI",2017,15307.6940799947,6066918.83537072
"MYS",2017,483416.10861357395,255487400.94718978
"MYT",2017,44.3638552161204,21332.317126367216
"NAM",2017,1.8335843917785954,444.93436233757734
"NCL",2017,1159.7805694712913,522974.75028046686
"NGA",2017,171045.44662358324,95794044.58946702
"NIC",2017,211681.25405391344,119111447.82519993
"NLD",2017,1333.2029155221337,613940.316071846
"NOR",2017,57916.603684435766,15365222.655361697
"NPL",2017,2394.083932420289,1466945.658303237
"NZL",2017,74883.51550068296,52371655.81837505
"PAK",2017,190.2467411592841,61781.56136126157
"PAN",2017,30878.791876191855,17283590.708772838
"PER",2017,303280.5196975296,185800752.0629599
"PHL",2017,114280.59778671565,67077480.61419231
"PNG",2017,117509.2545226043,87529558.19834112
"POL",2017,96251.75379674735,39851808.52252126
"PRI",2017,56205.3506629881,33093583.084225725
"PRK",2017,8522.738368442419,3137883.288572732
"PRT",2017,173894.8078636666,42323071.62942564
"PRY",2017,360058.4072555793,100481178.40400605
"PSE",2017,1.7029687807758767,377.52430244440825
"ROU",2017,19187.03312095062,9913983.96129299
"RUS",2017,5288900.064487287,1135352001.8022192
"RWA",2017,2728.8183060839174,1880748.634335599
"SDN",2017,74.6473321746497,19902.87081282101
"SEN",2017,391.79548266333234,103261.5554309923
"SGP",2017,262.650347205745,118292.79223812195
"SLB",2017,19761.38580083051,15780943.722872982
"SLE",2017,232752.74797355774,113110173.83712026
"SLV",2017,4745.634264791853,2257395.2520379773
"SMR",2017,0.05572152468100224,10.473749747914724
"SOM",2017,304.89673329013675,57472.14126468714
"SRB",2017,3570.642008932431,1745969.4538683065
"SSD",2017,6856.227015177142,2922889.395176358
"SUR",2017,18018.47528430694,14151309.204869756
"SVK",2017,14213.008150311998,7677739.736404466
"SVN",2017,4891.9625327820095,2865705.5775760445
"SWE",2017,331202.21642212087,88480323.60060874
"SWZ",2017,6376.503672443286,2928802.009840868
"SXM",2017,4.54094752442357,1308.7157131194504
"SYR",2017,2146.5696035017036,593690.6154355397
"TCA",2017,32.83492385399883,8839.563818936793
"TCD",2017,6765.138653660584,1971104.4033391364
"TGO",2017,7186.209751414164,3916921.894973184
"THA",2017,196456.50627744177,113282377.27429669
"TJK",2017,0.12115387188803131,42.59769159815289
"TKM",2017,0.061047255041246515,26.962298556372414
"TLS",2017,1713.2432838811555,840553.5076160551
"TTO",2017,739.1110297788543,429713.17971018713
"TUN",2017,8525.836503223372,2203161.9868155476
"TUR",2017,33901.12336353706,9601589.904200912
"TWN",2017,2584.1205363105555,1167068.4755795896
"TZA",2017,194875.86110892883,68960470.16202644
"UGA",2017,116902.4544878761,52161327.93480139
"UKR",2017,85860.91491728186,35166626.33389933
"URY",2017,21859.34739605437,54749295.37457786
"USA",2017,2311358.0304299328,1077725252.116946
"UZB",2017,1.6941330467295879,504.49298265795284
"VCT",2017,30.798349996353707,18186.997643930063
"VEN",2017,166982.30201223085,80160907.52142957
"VGB",2017,229.36256174680048,100147.81192048137
"VIR",2017,1126.4251487649383,563438.063990945
"VNM",2017,286940.2922371172,206837953.31901544
"VUT",2017,436.0919411216599,254444.82562473245
"XAD",2017,1.3348204528775283,328.393445500684
"XCA",2017,6.9090468481508776,20.59187671645018
"XKO",2017,626.3621099615725,349403.18652084173
"XNC",2017,27.65782827290063,7287.386482433138
"ZAF",2017,94055.92503460575,62689247.82351226
"ZMB",2017,162681.47358274728,58417655.16611135
"ZWE",2017,25978.30455489725,11661122.181995424
"ABW",2018,0.3006308860090975,58.209977336521796
"AFG",2018,25.705845253892964,7441.4899964602155
"AGO",2018,242552.49738954255,88823804.25541708
"AIA",2018,0.219474815132366,84.78138110113282
"ALA",2018,619.7066887722862,197590.75006208927
"ALB",2018,2048.76922812268,782165.6146066239
"AND",2018,14.888213633741856,8662.622386613406
"ARG",2018,172958.09457700266,48786878.954302266
"ARM",2018,5.902521853209615,2004.9283459799772
"ATG",2018,162.81460598838888,49598.86332289414
"AUS",2018,250750.69872336843,92083101.92028458
"AUT",2018,26310.09294369291,14850060.827782888
"AZE",2018,75.3286397556199,31859.130888767206
"BDI",2018,2874.5751947878043,1323364.4852617076
"BEL",2018,4630.6081231455355,2614732.1416482846
"BEN",2018,1825.9708077702696,818401.1318018533
"BES",2018,0.44077927154409147,159.42231032184978
"BGD",2018,19342.87284894079,10434806.99373406
"BGR",2018,9753.980071151997,4577324.035332687
"BHS",2018,913.7490763704183,320540.6790946058
"BIH",2018,2673.670805093449,1456809.5614592726
"BLR",2018,87446.5702116631,33737715.86919896
"BLZ",2018,11162.856087456817,5269189.874178004
"BOL",2018,301855.81806081574,137302307.69905376
"BRA",2018,2948462.080269405,1871296361.8674126
"BRB",2018,22.634244147337505,8718.883015001009
"BRN",2018,806.6344308343619,553305.3183810102
"BTN",2018,1240.06448959178,721059.8952466116
"BWA",2018,2.6249438728059644,760.2811165894306
"CAF",2018,40912.99304046731,18768332.95814738
"CAN",2018,2142937.38073255,471930195.6191959
"CHE",2018,3134.3867746039527,1810781.5474535609
"CHL",2018,76897.64000247294,43406089.33418332
"CHN",2018,569452.9735806242,253072868.96314177
"CIV",2018,324739.87777415355,177246472.59020323
"CMR",2018,120813.9643333996,74888184.85976297
"COD",2018,1373807.4122849796,877380835.1260535
"COG",2018,62697.90587473728,39090595.37206373
"COL",2018,352434.01027582993,210298832.65466973
"COM",2018,218.1590352994685,109451.81157658901
"CPV",2018,10.856790303480278,0.0
"CRI",2018,12337.858868098932,6992781.833124952
"CUB",2018,14955.103066696285,6623956.169829177
"CUW",2018,0.7522238867333557,232.43010158502727
"CYM",2018,42.38853785294402,11703.655326748652
"CYP",2018,32.4503714341021,9959.355856160819
"CZE",2018,39206.38917974898,21603201.135358572
"DEU",2018,52237.22545555111,29799392.390770767
"DMA",2018,778.5652047958863,455203.915008785
"DNK",2018,3161.625253420891,1155653.8129676
"DOM",2018,13970.42863240087,6444064.887670445
"DZA",2018,5763.909736467343,1891245.5833103983
"ECU",2018,38709.38273219705,27183597.640205666
"EGY",2018,62.73815149748242,12783.176551108001
"ESP",2018,119649.00225151007,52662287.69957186
"EST",2018,40038.15893004179,12981019.23043782
"ETH",2018,18894.243222750338,8806430.927232852
"FIN",2018,269954.79917347,60789122.215463676
"FJI",2018,1366.9353631284248,831096.8977143227
"FRA",2018,69201.43579091557,36202904.112919904
"GAB",2018,26788.056321415806,17334720.073999923
"GBR",2018,26251.466901839452,12075733.83302612
"GEO",2018,300.04915995904133,127801.98270922377
"GGY",2018,0.10072524368923039,36.54724234193879
"GHA",2018,151445.59492736205,86774654.05378768
"GIN",2018,182895.35655219067,81188261.9026015
"GLP",2018,100.89858279940722,47365.12957888811
"GMB",2018,6.145941941323457,1347.013052676453
"GNB",2018,14394.170759150822,6115179.443359849
"GNQ",2018,7823.437087446228,5171180.488998548
"GRC",2018,7122.192617681656,1811707.4324670353
"GRD",2018,109.80815758145158,62536.83888309345
"GTM",2018,71160.90213539008,35834535.97213185
"GUF",2018,3738.7112037043403,2862684.0338748773
"GUY",2018,11760.822378510042,7711818.276854623
"HKG",2018,156.1794880526588,54021.00386235898
"HND",2018,76254.10503904262,39066286.31626989
"HRV",2018,8285.340237986617,4233838.815856359
"HTI",2018,4131.551804990744,1920191.5783254597
"HUN",2018,13798.781036616298,5617826.867386562
"IDN",2018,1218732.5160552366,740229094.8281593
"IMN",2018,11.836518618306327,4483.061115423573
"IND",2018,132232.99302252452,65818409.87619975
"IRL",2018,8380.343070774974,4225525.924265777
"IRN",2018,67.98958789356445,17834.10964477318
"ISR",2018,39.655153583502226,11160.217173412539
"ITA",2018,38843.51052161489,13669944.70106593
"JAM",2018,2232.6361154018846,1194513.5471526843
"JEY",2018,0.050615393459198514,17.486086138202662
"JPN",2018,50506.94950705283,25205776.303316224
"KAZ",2018,1138.8878148567346,432950.4432456329
"KEN",2018,15908.415238446942,8395663.347673807
"KGZ",2018,17.371035471200344,2679.6102514452423
"KHM",2018,113205.22828334823,65854834.93374531
"KNA",2018,4.854615694531162,2387.182225302948
"KOR",2018,21850.013081136978,7980136.036909778
"LAO",2018,294666.2512351715,149578544.90183607
"LBN",2018,255.74116844665465,80795.42674218529
"LBR",2018,204932.544813732,115069112.59085216
"LBY",2018,2.9223188657865093,683.3378314620014
"LCA",2018,33.78015339792875,19471.390140855332
"LIE",2018,6.535024898206704,3675.5603014321546
"LKA",2018,13160.93807779856,5153721.973496074
"LSO",2018,7.722137710051873,1571.4339507998905
"LTU",2018,19749.622186164725,7462790.812724321
"LUX",2018,457.7822996838748,280635.4087579884
"LVA",2018,46923.47807397692,16650702.874729907
"MAC",2018,0.856829927504535,6.657435827627883
"MAR",2018,2078.0811184251093,674692.8993126112
"MDA",2018,861.5862956468125,288819.4080644161
"MDG",2018,366619.93619631685,185805977.64930335
"MEX",2018,267150.72107448353,119748229.6293887
"MKD",2018,1542.9313128041395,697253.0349591193
"MLI",2018,298.7991857719126,90376.6187737481
"MMR",2018,278708.7970430125,149494041.66977477
"MNE",2018,1652.2427907393649,667305.8479617079
"MNG",2018,9224.636599565125,1897278.8802933933
"MOZ",2018,172397.98182822706,64460281.90437638
"MSR",2018,9.442805370162237,4635.6145779037
"MTQ",2018,51.24024817144958,24062.064460908263
"MWI",2018,15487.128009125046,6146618.299849422
"MYS",2018,437984.5180219273,226437975.0143847
"MYT",2018,72.58350490231079,37327.654605671094
"NAM",2018,7.933151081039045,2044.2998596454388
"NCL",2018,3069.441071841458,1363411.6185230818
"NGA",2018,119822.45678834226,68353331.7117263
"NIC",2018,71374.94319402591,40918212.7833449
"NLD",2018,1271.228541197793,590726.9173094165
"NOR",2018,59219.62514172611,16107588.320300214
"NPL",2018,1672.1166105125403,925977.9896196254
"NZL",2018,79228.40056837359,57633097.04003176
"PAK",2018,75.56168923293744,27628.425085924733
"PAN",2018,27960.872489814745,15890589.35491404
"PER",2018,211726.02889162,136830076.69576794
"PHL",2018,70533.5713228243,41579132.867147736
"PLW",2018,3.8912661920353893,2866.0803684922585
"PNG",2018,117935.02736154865,91756429.6844005
"POL",2018,96845.84624405879,40566599.83548001
"PRI",2018,1227.879927868341,646038.1549736847
"PRK",2018,7691.718377831436,2872168.8399586226
"PRT",2018,97436.89779536039,29281027.38545381
"PRY",2018,258779.66180918767,61924343.05521986
"PSE",2018,2.0276876452223243,589.8079783535188
"ROU",2018,18974.177551254565,10319246.440067494
"RUS",2018,5560386.041920548,1157625942.1527424
"RWA",2018,4290.9984670408285,3161617.3015675778
"SDN",2018,16.115762821761145,4260.383283629787
"SEN",2018,300.9440967648808,77557.67748659977
"SGP",2018,289.02683051021904,131347.06936305237
"SLB",2018,17825.008563343177,14493180.971391333
"SLE",2018,188217.43912998846,93793354.00673649
"SLV",2018,2703.6464456862623,1314781.856612587
"SMR",2018,0.22314501609373733,53.807057563017345
"SOM",2018,43.96594224074366,8465.511059944469
"SPM",2018,0.21227850368491397,0.0
"SRB",2018,3966.438140767419,2077886.4595421297
"SSD",2018,2640.9380529090226,1115004.6595039757
"SUR",2018,19000.901147845874,15332402.15439829
"SVK",2018,17698.55091602833,9986551.48323716
"SVN",2018,8236.42772476649,4885007.413083641
"SWE",2018,290071.53433277697,78551770.52037416
"SWZ",2018,1919.9187873611477,1138009.2748386404
"SYR",2018,903.4288938587869,273159.7135485282
"TCA",2018,36.12955168667998,9638.408458286543
"TCD",2018,6931.783337327867,2025259.562775519
"TGO",2018,6783.649723290531,3675981.694945721
"THA",2018,133532.58104158295,77468058.76100633
"TJK",2018,0.18005446465493768,67.16869080829372
"TLS",2018,1243.598910846512,617036.5188350123
"TTO",2018,947.2395620292991,543601.3494113333
"TUN",2018,902.6703475811972,293422.0032054773
"TUR",2018,35668.33083990076,10666900.633157844
"TWN",2018,1901.450375437388,855206.5957846609
"TZA",2018,171708.21639600737,60044681.95097383
"UGA",2018,86229.84192433019,39266650.6596453
"UKR",2018,74423.4316963948,31689481.606355015
"URY",2018,19527.970310045257,51443083.97470757
"USA",2018,2092359.4724430966,993060252.3375835
"UZB",2018,0.4661042540668138,169.5327447851385
"VCT",2018,17.012077244019096,11354.835525812105
"VEN",2018,112107.31767694544,54670940.57752567
"VGB",2018,6.212367641092395,2628.6702563260937
"VIR",2018,45.39200020478283,18398.575159989126
"VNM",2018,225154.89131662506,173486277.4679572
"VUT",2018,1031.3503353956514,737786.8171887671
"XAD",2018,0.8263686982616718,287.649046866876
"XCA",2018,0.43615459087454117,0.0
"XKO",2018,593.8940511943388,346952.72555885586
"XNC",2018,17.554005996040345,5225.350414411703
"ZAF",2018,63666.75379641056,48060165.049046904
"ZMB",2018,143944.22807052842,52248335.36861263
"ZWE",2018,6557.176512572428,2911671.866383084
"AFG",2019,17.1150667581657,5444.982699295638
"AGO",2019,175098.3701836354,62923932.40341758
"ALA",2019,2361.289576149144,779108.7064598436
"ALB",2019,1074.14461078744,448610.284346352
"AND",2019,8.039982793009587,4016.8633100836223
"ARG",2019,145444.2707846839,45785280.86750042
"ARM",2019,0.706427593617598,251.05964125957996
"ATG",2019,23.410310107068568,6646.9753430262135
"AUS",2019,1661547.6033873248,410081207.59254634
"AUT",2019,33642.43079561674,18513150.377957754
"AZE",2019,11.949763429162333,4301.900620448733
"BDI",2019,2386.3299282647636,1104102.9191841215
"BEL",2019,5577.118212718622,3146644.659172504
"BEN",2019,774.9856744760247,357092.99870019755
"BES",2019,1.5425652265886733,555.2415559468773
"BGD",2019,22078.75978651162,12113327.070671175
"BGR",2019,4125.248047772539,1967277.33627718
"BHS",2019,1557.7735632925687,471511.6478163117
"BIH",2019,1232.210397055111,716235.2922184083
"BLR",2019,75048.52508074029,29456888.619596485
"BLZ",2019,18372.562441783073,8632613.990667913
"BOL",2019,852089.8685028411,300610806.7887729
"BRA",2019,2696748.7992548607,1740522346.2490911
"BRB",2019,53.6633884932505,23210.74946059995
"BRN",2019,1168.534272882274,737673.4358118407
"BTN",2019,819.5852354393988,451582.5214591575
"BWA",2019,0.0721906673263848,16.043710481821353
"CAF",2019,49026.38682283247,23746126.43281797
"CAN",2019,2175715.827191943,467378058.4498925
"CHE",2019,3518.7092657409853,1964792.4426984268
"CHL",2019,78735.46830367914,45336316.92870717
"CHN",2019,496972.43539859634,220828531.05305418
"CIV",2019,242171.27924669115,135434888.1302501
"CMR",2019,121800.96870431735,73993129.10215545
"COD",2019,1220177.4527968904,804025325.6501207
"COG",2019,73758.07856393716,45834126.84101935
"COL",2019,268409.88136649097,157071403.91703495
"COM",2019,280.49728503879766,146541.64929151555
"CPV",2019,0.07433538296549057,0.0
"CRI",2019,11485.67712617377,6577955.208129059
"CUB",2019,7463.608390574149,3421407.6581345513
"CUW",2019,2.1818032075687777,637.790880923674
"CYM",2019,10.760367297912017,4519.415083032354
"CYP",2019,43.456289818053726,13300.207886008497
"CZE",2019,73295.19926394205,40116008.806400865
"DEU",2019,108232.51080712423,62031774.68077585
"DMA",2019,58.709144867442866,34449.31685320178
"DNK",2019,9180.3336271655,3397791.5854438306
"DOM",2019,14930.838186083,7016165.557091584
"DZA",2019,6291.2882017494585,2049883.7366420226
"ECU",2019,35645.82687116934,25496259.461723834
"EGY",2019,20.90405680936748,4508.100450442887
"ESP",2019,71021.86482833524,33506858.91589735
"EST",2019,45916.92433115583,15144971.418922232
"ETH",2019,25582.39838615302,12752747.171287414
"FIN",2019,289910.3989758442,65273300.168872476
"FJI",2019,1455.8404792852014,918962.2511105743
"FRA",2019,81304.1686351425,44333510.97656811
"GAB",2019,28561.018824317885,18678654.10195679
"GBR",2019,28376.643735602738,13296221.244797237
"GEO",2019,166.18634399679115,90608.40292006334
"GGY",2019,0.15041056255207477,49.882949544384815
"GHA",2019,88256.57865967437,52158884.46893985
"GIN",2019,193690.00896904166,87462994.92448609
"GLP",2019,70.26019322571281,30143.771678845475
"GMB",2019,20.08557126249156,4485.064015794702
"GNB",2019,15622.80368788625,6858590.069778771
"GNQ",2019,9526.171885105203,6477332.463979384
"GRC",2019,7604.301812478184,2051171.5208918368
"GRD",2019,21.06297714315642,10824.45074321702
"GTM",2019,90198.05534364663,46347828.26245928
"GUF",2019,3297.9258257920405,2562102.405226162
"GUY",2019,22324.424221531113,14033758.24741769
"HKG",2019,24.578315735760494,6936.848893357225
"HND",2019,81416.2314040871,41406073.83195332
"HRV",2019,5977.626809428027,3102127.2867418765
"HTI",2019,4395.440810626489,1968952.709483107
"HUN",2019,14397.954788959953,5946709.5569565445
"IDN",2019,1176884.143702303,719340398.5190078
"IMN",2019,19.705008512585174,8144.974853852544
"IND",2019,121154.43715049635,62706778.55707308
"IRL",2019,10370.413528590929,5165518.098403834
"IRN",2019,144.05646496422355,38537.15677015435
"IRQ",2019,0.062097213997392306,19.0660770738501
"ISR",2019,54.357922901092344,15169.292435632351
"ITA",2019,59704.920326092826,24894424.988495003
"JAM",2019,2292.1558060973757,1215256.9186089197
"JOR",2019,0.5873644682009215,119.60456875562478
"JPN",2019,51380.58320841923,26217879.567736603
"KAZ",2019,1281.7255839893264,515581.58885364694
"KEN",2019,15950.24492483342,7404571.506960878
"KGZ",2019,15.726766427566345,6622.053484041166
"KHM",2019,143306.85199863976,82587653.40045136
"KNA",2019,8.903363911533948,4394.589032001139
"KOR",2019,20731.599318142955,7769732.577762379
"LAO",2019,364709.5483277619,185178954.911851
"LBN",2019,389.8077872966567,121224.35896564853
"LBR",2019,171765.15983123134,99784412.66231687
"LBY",2019,2.144342641859761,494.1795483238799
"LCA",2019,21.89532865356054,12264.02869165875
"LIE",2019,11.54441022257632,7389.216566123025
"LKA",2019,10306.913876459339,4161488.539910445
"LSO",2019,10.209908339205992,2506.485350475319
"LTU",2019,24565.247559068826,9349698.92332248
"LUX",2019,509.1976551037342,315074.6782529824
"LVA",2019,57402.97053760856,20722664.307400018
"MAC",2019,2.7131347666531775,0.0
"MAF",2019,0.5126036865461949,138.2192865204014
"MAR",2019,1250.017485885415,406750.140006831
"MDA",2019,817.2113223026905,274035.5293293954
"MDG",2019,254242.73728300765,124549298.42716186
"MEX",2019,327437.7833285763,154133616.0261882
"MKD",2019,1790.239030112579,845736.5245391814
"MLI",2019,210.757236799139,64495.887711652314
"MMR",2019,309418.1611194502,167301157.23588368
"MNE",2019,647.0065665753472,359949.9969735114
"MNG",2019,2815.4229695585823,684917.6213707853
"MOZ",2019,235658.0519143058,90660512.69688018
"MSR",2019,4.64687765317033,2337.7308068096527
"MTQ",2019,60.54677782824379,28985.894565255665
"MWI",2019,12134.42215400105,4954474.146672343
"MYS",2019,395367.2182092186,200227242.67142823
"MYT",2019,34.906390315898214,17102.205672501856
"NAM",2019,1.8935312519801442,298.13016191443404
"NCL",2019,811.9701678483551,362310.46230440657
"NGA",2019,86894.81903568536,48286966.300078765
"NIC",2019,77848.28348227407,44802036.02143099
"NLD",2019,2481.3282374975493,1190989.079411335
"NOR",2019,64784.055954905016,17980348.669105243
"NPL",2019,2087.0289961080584,1163439.2398344937
"NZL",2019,71430.70373761651,53639574.2924632
"PAK",2019,81.24308458582365,32368.3219039614
"PAN",2019,33993.588275299,19373121.64942453
"PER",2019,231257.3813194269,152212890.4505826
"PHL",2019,64038.61496134875,37995659.203959115
"PLW",2019,8.698362266287372,7097.719529446292
"PNG",2019,95134.67482187423,73369192.46677408
"POL",2019,76720.94128777062,33596652.11090732
"PRI",2019,695.0211408796877,341536.9070143303
"PRK",2019,27492.24071780981,9980944.625249222
"PRT",2019,36885.77250422646,14412878.855878495
"PRY",2019,314372.6880680158,89799527.91290995
"PSE",2019,0.26246854638344863,80.19615511787289
"ROU",2019,12265.858864908061,6582858.6700413115
"RUS",2019,3686493.664221341,659271950.4882184
"RWA",2019,2515.9861121896624,1975057.2373068766
"SDN",2019,56.395868240437295,14609.588976812547
"SEN",2019,277.64000257536463,70328.28290884226
"SGP",2019,287.87384980760334,147665.561679851
"SLB",2019,16550.44464826762,13210985.515885385
"SLE",2019,175466.6883121307,90054599.17387892
"SLV",2019,2249.009112704861,1098092.709898178
"SMR",2019,0.5018789416948499,141.37709134855788
"SOM",2019,374.13892427584284,73733.49655973887
"SPM",2019,0.31842018773874237,0.0
"SRB",2019,3962.211902647858,2044231.5502591925
"SSD",2019,3753.592094086171,1631344.2336302095
"SUR",2019,18454.188818999544,14249020.64364345
"SVK",2019,10330.871943861377,6121711.55545206
"SVN",2019,3456.212071670843,2003371.5871254844
"SWE",2019,332826.9938724214,92180956.46851027
"SWZ",2019,4116.906026333883,1880210.4520549383
"SYC",2019,0.8351447150563761,773.1763414451135
"SYR",2019,1176.5202747752994,353815.6500353139
"TCA",2019,17.24336371317951,5320.088878441546
"TCD",2019,5058.926738728813,1437045.5272178096
"TGO",2019,5230.0158767824605,3028249.8733274033
"THA",2019,129794.03169620152,74270578.49777868
"TJK",2019,0.05956594379122926,24.083388349100435
"TLS",2019,1501.4698348772176,747726.9171929457
"TTO",2019,658.3583421147662,372523.936113527
"TUN",2019,572.7730100718502,189912.32479548556
"TUR",2019,39117.93877015267,11364393.583270194
"TWN",2019,1426.2742397043996,650079.1998647639
"TZA",2019,142772.99245303217,51360661.14875781
"UGA",2019,63267.76410667124,29901445.467351306
"UKR",2019,45143.77581562342,19133440.992670644
"URY",2019,14519.353917605065,42571752.37860557
"USA",2019,2109918.282628732,910998395.0011368
"UZB",2019,17.63890151591935,6849.6265129702815
"VCT",2019,11.616930488919909,7182.502986951074
"VEN",2019,140807.2201768566,68580869.34259361
"VGB",2019,0.8769920894161827,343.2445073555593
"VIR",2019,19.582059953028153,10933.145554903385
"VNM",2019,216779.3961014602,166886189.67184818
"VUT",2019,251.57034171096714,140526.32868434745
"XAD",2019,0.6993120858897173,206.56062903698495
"XKO",2019,697.3994542827477,403862.5908653115
"XNC",2019,12.563707801427435,3882.533326958
"ZAF",2019,76139.76106723647,52506457.841607355
"ZMB",2019,124640.78101884508,45608997.01001062
"ZWE",2019,11553.3295111608,4999412.396683221
"AFG",2020,36.582307892488494,13105.982436571883
"AGO",2020,248028.43177844607,85912847.06011812
"AIA",2020,0.1463298560904865,45.30981981611732
"ALA",2020,673.4887730701889,224792.14598279295
"ALB",2020,1117.7873885620552,506810.78821993934
"AND",2020,27.494491986755783,16658.81487072812
"ARG",2020,197379.02491543314,59946691.33043363
"ARM",2020,18.542969163308612,7056.118006313394
"ATG",2020,15.235993936173024,5340.870392138467
"AUS",2020,2356516.287662655,680935491.0862937
"AUT",2020,25936.515066405693,14739410.82959904
"AZE",2020,22.774961494322085,8555.693916145701
"BDI",2020,1856.8517745907084,912921.7947883414
"BEL",2020,5408.631203495319,3132144.575809371
"BEN",2020,1605.5614207300894,751794.140521185
"BES",2020,9.697954706507435,3593.8327180490965
"BGD",2020,21475.168814573433,11580661.03722106
"BGR",2020,4795.099952594974,2252839.148543162
"BHS",2020,2696.1784970798963,914768.144238374
"BIH",2020,1842.0711748478075,1022054.3583768692
"BLR",2020,68932.12499364649,27892903.266530953
"BLZ",2020,26511.784486971548,13532776.91065307
"BOL",2020,429780.29848050943,192249757.4152946
"BRA",2020,3291391.786526158,1961237561.167337
"BRB",2020,22.10970874010502,7956.7841852009715
"BRN",2020,1166.4275685077607,759209.0670002804
"BTN",2020,1288.3744875895297,708758.7004701947
"BWA",2020,1.8152580918837213,357.7229502658948
"CAF",2020,55136.67811784502,28368147.644130323
"CAN",2020,1195271.7557687024,317878921.5198775
"CHE",2020,3927.891163453494,2445537.5360958693
"CHL",2020,70591.90966234411,39146813.34176449
"CHN",2020,422214.35280896747,188575823.51021078
"CIV",2020,248501.7226021034,143902869.24110833
"CMR",2020,202795.66867394958,133881011.150563
"COD",2020,1309975.5080811786,856688582.4504561
"COG",2020,64540.10162213399,40630810.74297173
"COL",2020,324169.44048266206,197340565.292428
"COM",2020,265.5116203064689,136125.51174961787
"CPV",2020,3.2697187532278953,0.0
"CRI",2020,8260.96707102692,4871146.462583305
"CUB",2020,12618.45341911175,5483966.085607802
"CUW",2020,1.9561276998262778,540.4256613590494
"CYM",2020,8.577707460236129,3408.4480479337817
"CYP",2020,33.19479004160903,7821.735600928169
"CZE",2020,100258.2355005479,56426843.50596344
"DEU",2020,186939.63719393307,112737895.52170035
"DMA",2020,65.61122506442237,38613.062086292855
"DNK",2020,3193.593482202518,1236074.6185008744
"DOM",2020,21441.161125229628,10135654.980413318
"DZA",2020,13072.666601764635,4384503.223902741
"ECU",2020,48915.08232123978,35922959.71507214
"EGY",2020,18.139076168912762,3765.9445653861185
"ESP",2020,101988.1180994197,47464388.861938044
"EST",2020,36805.36932207614,12347781.33512909
"ETH",2020,17980.782343288643,8744546.155889152
"FIN",2020,254472.5924187917,57841102.34762798
"FJI",2020,2066.8320673833596,1275297.4385783263
"FRA",2020,77745.73713941293,44266166.69568847
"GAB",2020,22022.273970860173,14353543.654676137
"GBR",2020,22842.45730267716,10644488.987757053
"GEO",2020,222.15377600152271,111570.09507217594
"GGY",2020,0.10072804075303247,29.35232134991145
"GHA",2020,136599.4770551612,82610588.369223
"GIN",2020,178406.63243983022,85231626.56959757
"GLP",2020,51.923302835409295,22623.544299330068
"GMB",2020,9.892571436209993,2168.2978714715746
"GNB",2020,17107.80284894996,7606628.338654329
"GNQ",2020,4870.416282028711,3391571.512280679
"GRC",2020,5427.356199747184,1537825.2122104936
"GRD",2020,18.437002192980454,9640.816406640664
"GTM",2020,98556.32770038077,50359041.09562682
"GUF",2020,4289.376692496461,3351868.4048524625
"GUY",2020,15769.979397856458,10396239.138464853
"HKG",2020,72.53734313117938,28512.658508869135
"HND",2020,93648.71909050984,48881590.5371643
"HRV",2020,6051.886034561962,3129973.916746422
"HTI",2020,3802.056739111267,1727759.451888373
"HUN",2020,12013.566203976176,5032842.262614047
"IDN",2020,961587.9431401654,575619800.7381027
"IMN",2020,7.129409033203106,2966.7574759480535
"IND",2020,137715.54138066445,70630860.97614124
"IRL",2020,6206.876041186858,3170781.5809728177
"IRN",2020,20.192009289183854,5563.255598856321
"ISR",2020,46.466549738537715,12943.252504760314
"ITA",2020,28246.486298472057,11074361.094578674
"JAM",2020,2169.7457021810055,1156177.3116128102
"JEY",2020,0.1519160605707379,59.157817960633736
"JOR",2020,0.19579483644747153,39.326825918559265
"JPN",2020,48057.78631594794,24857234.674616307
"KAZ",2020,1853.267679175822,704122.3189703083
"KEN",2020,19044.834370066637,9462390.932674324
"KGZ",2020,11.89814012145583,5219.258400309566
"KHM",2020,143487.8109130499,83294459.41896188
"KNA",2020,10.149934874489011,4484.55273126004
"KOR",2020,20123.319729474388,7532796.374480266
"LAO",2020,357546.68776265625,183984145.901667
"LBN",2020,473.08464572239916,156591.11648490545
"LBR",2020,220121.36618195244,130213715.5266021
"LBY",2020,0.7809010561621204,179.97785574403179
"LCA",2020,40.73259010679473,22953.657472767507
"LIE",2020,3.2144972638765985,2193.055075276269
"LKA",2020,11216.449417226075,4422355.496029533
"LSO",2020,16.06505609506842,3975.1875629614215
"LTU",2020,22970.48387309393,8904267.920865985
"LUX",2020,654.6687526374776,416839.32619966904
"LVA",2020,50462.783828103784,18726124.569232598
"MAC",2020,0.8568552947018006,0.0
"MAF",2020,1.611100140989492,691.9267864870401
"MAR",2020,3620.7796543935046,1251960.3741008283
"MDA",2020,1413.631173344551,479945.3753100629
"MDG",2020,241112.07861872288,125424122.02027753
"MEX",2020,299526.2895909628,137239454.63810107
"MKD",2020,1856.0801146471124,880219.2813744189
"MLI",2020,148.84741201598632,46213.12467348163
"MMR",2020,310005.3074047591,167997526.56826362
"MNE",2020,983.1838559870455,584345.9024181905
"MNG",2020,464.61751613594674,131604.1316048944
"MOZ",2020,232509.0704876924,88484904.84165354
"MSR",2020,2.212542639531271,978.8074169001954
"MTQ",2020,65.09517640960523,32624.311131070008
"MWI",2020,16067.716569048724,6489100.628611813
"MYS",2020,268721.49173523585,131994049.10429257
"MYT",2020,166.78849063976654,83557.56021942497
"NAM",2020,1.4609834445821652,284.6764172980524
"NCL",2020,4065.975496247247,1718814.7695876297
"NGA",2020,99199.51538891447,60163615.58602211
"NIC",2020,111303.31279445089,60785169.104831114
"NLD",2020,1921.856834325011,945045.4239357859
"NOR",2020,68362.91362994388,18974672.790755004
"NPL",2020,2232.811563511774,1195728.9009423663
"NZL",2020,60924.51433123226,47271344.814850606
"PAK",2020,69.2016085630305,26139.344010624704
"PAN",2020,27314.294959159062,15768901.335529044
"PER",2020,278656.68030100036,182339420.69832748
"PHL",2020,63727.597060106586,38138794.134915985
"PLW",2020,16.254376583454473,10909.720418672261
"PNG",2020,78439.73384573933,60055364.17350171
"POL",2020,74958.8900143084,33483633.386806257
"PRI",2020,680.7800016638511,357314.7198334062
"PRK",2020,14775.532248045129,5623511.406171387
"PRT",2020,62044.38836630249,23129347.805283118
"PRY",2020,243379.147943529,75089994.5658924
"PSE",2020,0.26138486053604654,70.07142346368978
"ROU",2020,27445.573890212647,15438072.749532579
"RUS",2020,5442051.096100365,864899379.078366
"RWA",2020,3187.31710086743,2389820.5818045936
"SDN",2020,66.80291179044333,18212.079233679357
"SEN",2020,758.4581610040201,200910.93307701426
"SGP",2020,165.20300355551018,91670.32312365837
"SLB",2020,14598.977259939567,11800254.310269425
"SLE",2020,154640.5160687564,79891724.91378467
"SLV",2020,2208.275241628271,1116838.9945602145
"SOM",2020,154.5187799322019,31349.567900958136
"SPM",2020,0.7429691638390012,0.0
"SRB",2020,4987.05585211339,2700300.11867104
"SSD",2020,2326.2267635734406,1091964.826555983
"SUR",2020,15096.006540843196,11834146.76204908
"SVK",2020,11947.178874964246,7011164.159811152
"SVN",2020,3889.4175930873944,2333295.1369720027
"SWE",2020,339945.0933623239,96581654.54102856
"SWZ",2020,2684.09113614293,1321594.368939212
"SYR",2020,3037.6703604820314,744005.0838226445
"TCA",2020,34.41261375371862,10561.15408909274
"TCD",2020,3433.4896158536976,1017740.4015767915
"TGO",2020,5506.800261012312,3144342.9755089446
"THA",2020,119414.18620692243,68674491.65801409
"TJK",2020,0.42767135353079166,148.92755019046285
"TLS",2020,1458.8681836896933,730173.5395915207
"TTO",2020,859.9870256758851,493606.3619414026
"TUN",2020,1062.1649160152342,324535.44173984893
"TUR",2020,45348.584795240065,13092317.16299345
"TWN",2020,1461.499654518295,646412.7903401016
"TZA",2020,186212.53169466482,67650124.85326333
"UGA",2020,73603.22694610528,36034119.29032932
"UKR",2020,79461.1769331131,30298399.225466985
"URY",2020,12682.121207215505,36100658.18204089
"USA",2020,1966716.3749183684,944928281.0154082
"UZB",2020,3.1819505499871816,1252.0489040451614
"VCT",2020,7.1195963574158965,4586.861473562991
"VEN",2020,139301.8390054613,71485090.5333581
"VGB",2020,0.07308887034721807,27.51947642253901
"VIR",2020,14.005827806458191,5523.05678681819
"VNM",2020,207640.5917702918,155415043.97537333
"VUT",2020,3935.0341078473275,2478762.2824881915
"XAD",2020,0.5720593217773113,140.40213815966067
"XCA",2020,0.1644274613976068,0.0
"XKO",2020,970.7898047263905,557609.727895526
"XNC",2020,6.185125571083875,1797.5823740211467
"ZAF",2020,62247.30063132525,44927362.304646924
"ZMB",2020,163028.43779087646,59715158.82670648
"ZWE",2020,6224.9190020043325,2842921.343893224
